ObjectID;Name;FacilityID;DemandID;Weight;TotalWeighted_Length;Total_Length
742;Location 1 - Location 1;1;75;1,000000000000000;0,000000000000000;0,000000000000000
743;Location 1 - Location 2;1;76;1,000000000000000;22032,431379888898000;22032,431379888898000
744;Location 10 - Location 3;10;77;1,000000000000000;14100,260680031011000;14100,260680031011000
745;Location 10 - Location 4;10;78;1,000000000000000;22221,118084655223000;22221,118084655223000
746;Location 10 - Location 5;10;79;1,000000000000000;11823,934971305494000;11823,934971305494000
747;Location 10 - Location 6;10;80;1,000000000000000;12585,677226839158000;12585,677226839158000
748;Location 10 - Location 7;10;81;1,000000000000000;10252,414997848344000;10252,414997848344000
749;Location 10 - Location 8;10;82;1,000000000000000;13571,311992582196000;13571,311992582196000
750;Location 10 - Location 9;10;83;1,000000000000000;20434,493927858821000;20434,493927858821000
751;Location 10 - Location 10;10;84;1,000000000000000;0,000000000000000;0,000000000000000
752;Location 10 - Location 11;10;85;1,000000000000000;24003,855345382839000;24003,855345382839000
753;Location 10 - Location 12;10;86;1,000000000000000;12132,721836777579000;12132,721836777579000
754;Location 10 - Location 20;10;94;1,000000000000000;23614,728605539010000;23614,728605539010000
755;Location 15 - Location 13;15;87;1,000000000000000;15822,354353274739000;15822,354353274739000
756;Location 15 - Location 14;15;88;1,000000000000000;13464,520416320020000;13464,520416320020000
757;Location 15 - Location 15;15;89;1,000000000000000;0,000000000000000;0,000000000000000
758;Location 15 - Location 16;15;90;1,000000000000000;21072,035334956410000;21072,035334956410000
759;Location 15 - Location 19;15;93;1,000000000000000;15301,462355259893000;15301,462355259893000
760;Location 15 - Location 24;15;98;1,000000000000000;5646,823861304283100;5646,823861304283100
761;Location 15 - Location 25;15;99;1,000000000000000;11529,782427862518000;11529,782427862518000
762;Location 15 - Location 26;15;100;1,000000000000000;4980,969793057866800;4980,969793057866800
763;Location 15 - Location 27;15;101;1,000000000000000;7377,774998286677100;7377,774998286677100
764;Location 15 - Location 28;15;102;1,000000000000000;15569,939651303870000;15569,939651303870000
765;Location 15 - Location 31;15;105;1,000000000000000;11007,040381375280000;11007,040381375280000
766;Location 15 - Location 60;15;134;1,000000000000000;14094,025510705542000;14094,025510705542000
767;Location 23 - Location 17;23;91;1,000000000000000;4939,872997631443500;4939,872997631443500
768;Location 23 - Location 18;23;92;1,000000000000000;16703,555271146710000;16703,555271146710000
769;Location 23 - Location 21;23;95;1,000000000000000;17905,840458894458000;17905,840458894458000
770;Location 23 - Location 22;23;96;1,000000000000000;11267,829471524521000;11267,829471524521000
771;Location 23 - Location 23;23;97;1,000000000000000;0,000000000000000;0,000000000000000
772;Location 23 - Location 29;23;103;1,000000000000000;9625,531518761525100;9625,531518761525100
773;Location 23 - Location 51;23;125;1,000000000000000;19600,430434938538000;19600,430434938538000
774;Location 23 - Location 84;23;158;1,000000000000000;18896,289175540063000;18896,289175540063000
775;Location 35 - Location 32;35;106;1,000000000000000;12237,269186914782000;12237,269186914782000
776;Location 35 - Location 33;35;107;1,000000000000000;4389,692315095786400;4389,692315095786400
777;Location 35 - Location 34;35;108;1,000000000000000;7002,208909770543900;7002,208909770543900
778;Location 35 - Location 35;35;109;1,000000000000000;0,000000000000000;0,000000000000000
779;Location 35 - Location 36;35;110;1,000000000000000;7100,021033738186800;7100,021033738186800
780;Location 35 - Location 37;35;111;1,000000000000000;11581,420607340966000;11581,420607340966000
781;Location 35 - Location 55;35;129;1,000000000000000;20603,863944173143000;20603,863944173143000
782;Location 35 - Location 56;35;130;1,000000000000000;12239,098762437416000;12239,098762437416000
783;Location 35 - Location 61;35;135;1,000000000000000;22179,201129492012000;22179,201129492012000
784;Location 40 - Location 40;40;114;1,000000000000000;0,000000000000000;0,000000000000000
785;Location 40 - Location 52;40;126;1,000000000000000;15388,756986149278000;15388,756986149278000
786;Location 40 - Location 53;40;127;1,000000000000000;19296,846473376208000;19296,846473376208000
787;Location 40 - Location 88;40;162;1,000000000000000;17500,030501273468000;17500,030501273468000
788;Location 41 - Location 38;41;112;1,000000000000000;6657,752956532927800;6657,752956532927800
789;Location 41 - Location 39;41;113;1,000000000000000;4465,348899907428900;4465,348899907428900
790;Location 41 - Location 41;41;115;1,000000000000000;0,000000000000000;0,000000000000000
791;Location 41 - Location 81;41;155;1,000000000000000;4903,515325136340800;4903,515325136340800
792;Location 41 - Location 83;41;157;1,000000000000000;8156,155604440147700;8156,155604440147700
793;Location 42 - Location 42;42;116;1,000000000000000;0,000000000000000;0,000000000000000
794;Location 42 - Location 43;42;117;1,000000000000000;5519,390605799666400;5519,390605799666400
795;Location 42 - Location 44;42;118;1,000000000000000;7327,527754461230000;7327,527754461230000
796;Location 42 - Location 45;42;119;1,000000000000000;19618,296669469881000;19618,296669469881000
797;Location 42 - Location 47;42;121;1,000000000000000;14892,634489100941000;14892,634489100941000
798;Location 42 - Location 48;42;122;1,000000000000000;19096,869470611491000;19096,869470611491000
799;Location 42 - Location 49;42;123;1,000000000000000;22863,274963772750000;22863,274963772750000
800;Location 50 - Location 50;50;124;1,000000000000000;0,000000000000000;0,000000000000000
801;Location 54 - Location 54;54;128;1,000000000000000;0,000000000000000;0,000000000000000
802;Location 54 - Location 57;54;131;1,000000000000000;10067,852101739230000;10067,852101739230000
803;Location 54 - Location 58;54;132;1,000000000000000;3880,842016627828300;3880,842016627828300
804;Location 54 - Location 59;54;133;1,000000000000000;3447,879746545244400;3447,879746545244400
805;Location 63 - Location 63;63;137;1,000000000000000;0,000000000000000;0,000000000000000
806;Location 63 - Location 64;63;138;1,000000000000000;6435,108899976785300;6435,108899976785300
807;Location 70 - Location 65;70;139;1,000000000000000;15208,906706227652000;15208,906706227652000
808;Location 70 - Location 66;70;140;1,000000000000000;8237,733648175999400;8237,733648175999400
809;Location 70 - Location 67;70;141;1,000000000000000;11016,671541795233000;11016,671541795233000
810;Location 70 - Location 68;70;142;1,000000000000000;8251,930826246098100;8251,930826246098100
811;Location 70 - Location 69;70;143;1,000000000000000;12954,619037200489000;12954,619037200489000
812;Location 70 - Location 70;70;144;1,000000000000000;0,000000000000000;0,000000000000000
813;Location 70 - Location 71;70;145;1,000000000000000;7499,942596068254700;7499,942596068254700
814;Location 70 - Location 72;70;146;1,000000000000000;18942,199428041702000;18942,199428041702000
815;Location 70 - Location 73;70;147;1,000000000000000;10313,267124204955000;10313,267124204955000
816;Location 70 - Location 74;70;148;1,000000000000000;15170,984487386982000;15170,984487386982000
817;Location 70 - Location 75;70;149;1,000000000000000;8957,116030457835200;8957,116030457835200
818;Location 86 - Location 76;86;150;1,000000000000000;1020,402098736434700;1020,402098736434700
819;Location 86 - Location 77;86;151;1,000000000000000;17240,867845179891000;17240,867845179891000
820;Location 86 - Location 78;86;152;1,000000000000000;20746,997804308648000;20746,997804308648000
821;Location 86 - Location 79;86;153;1,000000000000000;4823,037088476179600;4823,037088476179600
822;Location 86 - Location 80;86;154;1,000000000000000;21537,340325114827000;21537,340325114827000
823;Location 86 - Location 82;86;156;1,000000000000000;20546,974281905153000;20546,974281905153000
824;Location 86 - Location 85;86;159;1,000000000000000;11293,007511592419000;11293,007511592419000
825;Location 86 - Location 86;86;160;1,000000000000000;0,000000000000000;0,000000000000000
826;Location 86 - Location 87;86;161;1,000000000000000;9526,303690026516100;9526,303690026516100
827;Location 86 - Location 89;86;163;1,000000000000000;8085,494289928756200;8085,494289928756200
828;Location 86 - Location 90;86;164;1,000000000000000;13611,735457075074000;13611,735457075074000
829;Location 86 - Location 91;86;165;1,000000000000000;12408,707407197249000;12408,707407197249000
830;Location 86 - Location 92;86;166;1,000000000000000;3914,398724562157400;3914,398724562157400
831;Location 86 - Location 93;86;167;1,000000000000000;2908,869818206483600;2908,869818206483600
832;Location 105 - Location 30;105;104;1,000000000000000;3132,257619991542900;3132,257619991542900
833;Location 105 - Location 94;105;168;1,000000000000000;13969,028329403807000;13969,028329403807000
834;Location 105 - Location 99;105;173;1,000000000000000;4397,261713883008300;4397,261713883008300
835;Location 105 - Location 100;105;174;1,000000000000000;21890,564903711420000;21890,564903711420000
836;Location 105 - Location 103;105;177;1,000000000000000;8726,362528705629300;8726,362528705629300
837;Location 105 - Location 104;105;178;1,000000000000000;3447,667236070997700;3447,667236070997700
838;Location 105 - Location 105;105;179;1,000000000000000;0,000000000000000;0,000000000000000
839;Location 106 - Location 62;106;136;1,000000000000000;20619,460319646554000;20619,460319646554000
840;Location 106 - Location 95;106;169;1,000000000000000;10466,460340789854000;10466,460340789854000
841;Location 106 - Location 96;106;170;1,000000000000000;16190,479599904658000;16190,479599904658000
842;Location 106 - Location 97;106;171;1,000000000000000;14475,969438268616000;14475,969438268616000
843;Location 106 - Location 98;106;172;1,000000000000000;11637,528190668641000;11637,528190668641000
844;Location 106 - Location 101;106;175;1,000000000000000;14798,776888796057000;14798,776888796057000
845;Location 106 - Location 102;106;176;1,000000000000000;4011,381458911879200;4011,381458911879200
846;Location 106 - Location 106;106;180;1,000000000000000;0,000000000000000;0,000000000000000
847;Location 109 - Location 109;109;183;1,000000000000000;0,000000000000000;0,000000000000000
848;Location 109 - Location 110;109;184;1,000000000000000;6340,622678887544700;6340,622678887544700
849;Location 109 - Location 112;109;186;1,000000000000000;6773,549444577744000;6773,549444577744000
850;Location 115 - Location 107;115;181;1,000000000000000;16431,548416751837000;16431,548416751837000
851;Location 115 - Location 115;115;189;1,000000000000000;0,000000000000000;0,000000000000000
852;Location 115 - Location 118;115;192;1,000000000000000;14887,208339191769000;14887,208339191769000
853;Location 115 - Location 133;115;207;1,000000000000000;18579,013680386659000;18579,013680386659000
854;Location 119 - Location 108;119;182;1,000000000000000;13340,573282173409000;13340,573282173409000
855;Location 119 - Location 111;119;185;1,000000000000000;9123,562240774485000;9123,562240774485000
856;Location 119 - Location 113;119;187;1,000000000000000;6541,563165088333300;6541,563165088333300
857;Location 119 - Location 114;119;188;1,000000000000000;24072,707667395145000;24072,707667395145000
858;Location 119 - Location 116;119;190;1,000000000000000;3026,597515871177200;3026,597515871177200
859;Location 119 - Location 117;119;191;1,000000000000000;2479,579054944084400;2479,579054944084400
860;Location 119 - Location 119;119;193;1,000000000000000;0,000000000000000;0,000000000000000
861;Location 119 - Location 125;119;199;1,000000000000000;14212,258879280755000;14212,258879280755000
862;Location 119 - Location 128;119;202;1,000000000000000;15878,155006298059000;15878,155006298059000
863;Location 132 - Location 121;132;195;1,000000000000000;16096,828057581857000;16096,828057581857000
864;Location 132 - Location 122;132;196;1,000000000000000;6265,536584651161300;6265,536584651161300
865;Location 132 - Location 123;132;197;1,000000000000000;7114,795599547028400;7114,795599547028400
866;Location 132 - Location 126;132;200;1,000000000000000;17738,032502167971000;17738,032502167971000
867;Location 132 - Location 127;132;201;1,000000000000000;11911,282121647777000;11911,282121647777000
868;Location 132 - Location 129;132;203;1,000000000000000;14402,088922499350000;14402,088922499350000
869;Location 132 - Location 130;132;204;1,000000000000000;17302,240707508412000;17302,240707508412000
870;Location 132 - Location 131;132;205;1,000000000000000;3740,317486098952000;3740,317486098952000
871;Location 132 - Location 132;132;206;1,000000000000000;0,000000000000000;0,000000000000000
872;Location 132 - Location 134;132;208;1,000000000000000;12171,896650077661000;12171,896650077661000
873;Location 132 - Location 138;132;212;1,000000000000000;11629,173794732067000;11629,173794732067000
874;Location 132 - Location 141;132;215;1,000000000000000;13618,025132982486000;13618,025132982486000
875;Location 132 - Location 145;132;219;1,000000000000000;17790,322958524936000;17790,322958524936000
876;Location 132 - Location 146;132;220;1,000000000000000;15397,975834471277000;15397,975834471277000
877;Location 132 - Location 161;132;235;1,000000000000000;19797,534998749812000;19797,534998749812000
878;Location 153 - Location 135;153;209;1,000000000000000;12280,752814224335000;12280,752814224335000
879;Location 153 - Location 137;153;211;1,000000000000000;13988,507916253202000;13988,507916253202000
880;Location 153 - Location 142;153;216;1,000000000000000;5778,645490924768600;5778,645490924768600
881;Location 153 - Location 147;153;221;1,000000000000000;8698,513478398781400;8698,513478398781400
882;Location 153 - Location 151;153;225;1,000000000000000;9847,848078535007500;9847,848078535007500
883;Location 153 - Location 153;153;227;1,000000000000000;0,000000000000000;0,000000000000000
884;Location 153 - Location 163;153;237;1,000000000000000;6110,524976572643900;6110,524976572643900
885;Location 153 - Location 230;153;304;1,000000000000000;17786,859469211977000;17786,859469211977000
886;Location 158 - Location 152;158;226;1,000000000000000;193,880685936627200;193,880685936627200
887;Location 158 - Location 158;158;232;1,000000000000000;0,000000000000000;0,000000000000000
888;Location 171 - Location 139;171;213;1,000000000000000;16941,150677665333000;16941,150677665333000
889;Location 171 - Location 140;171;214;1,000000000000000;16324,049936314921000;16324,049936314921000
890;Location 171 - Location 144;171;218;1,000000000000000;12898,290075709503000;12898,290075709503000
891;Location 171 - Location 148;171;222;1,000000000000000;10155,057870549515000;10155,057870549515000
892;Location 171 - Location 150;171;224;1,000000000000000;12732,144996295601000;12732,144996295601000
893;Location 171 - Location 156;171;230;1,000000000000000;5067,517430674710300;5067,517430674710300
894;Location 171 - Location 157;171;231;1,000000000000000;5518,383021730932300;5518,383021730932300
895;Location 171 - Location 166;171;240;1,000000000000000;12141,257735452258000;12141,257735452258000
896;Location 171 - Location 168;171;242;1,000000000000000;12273,844124079365000;12273,844124079365000
897;Location 171 - Location 171;171;245;1,000000000000000;0,000000000000000;0,000000000000000
898;Location 171 - Location 176;171;250;1,000000000000000;14628,742169010242000;14628,742169010242000
899;Location 171 - Location 177;171;251;1,000000000000000;11469,825628238588000;11469,825628238588000
900;Location 171 - Location 184;171;258;1,000000000000000;4227,454734035313800;4227,454734035313800
901;Location 171 - Location 198;171;272;1,000000000000000;6360,770350837941800;6360,770350837941800
902;Location 171 - Location 199;171;273;1,000000000000000;14114,920421056042000;14114,920421056042000
903;Location 171 - Location 204;171;278;1,000000000000000;6172,379622739843400;6172,379622739843400
904;Location 171 - Location 205;171;279;1,000000000000000;6177,753528578537000;6177,753528578537000
905;Location 171 - Location 210;171;284;1,000000000000000;17755,595852760125000;17755,595852760125000
906;Location 171 - Location 211;171;285;1,000000000000000;7508,398498940410700;7508,398498940410700
907;Location 171 - Location 217;171;291;1,000000000000000;10104,201115447904000;10104,201115447904000
908;Location 171 - Location 232;171;306;1,000000000000000;11800,132223442819000;11800,132223442819000
909;Location 171 - Location 238;171;312;1,000000000000000;13307,798185222524000;13307,798185222524000
910;Location 171 - Location 241;171;315;1,000000000000000;14020,274206449647000;14020,274206449647000
911;Location 171 - Location 267;171;341;1,000000000000000;15379,349509742173000;15379,349509742173000
912;Location 172 - Location 136;172;210;1,000000000000000;23462,399467812920000;23462,399467812920000
913;Location 172 - Location 154;172;228;1,000000000000000;6281,384954854494900;6281,384954854494900
914;Location 172 - Location 159;172;233;1,000000000000000;9034,821070920301300;9034,821070920301300
915;Location 172 - Location 160;172;234;1,000000000000000;23370,659247992200000;23370,659247992200000
916;Location 172 - Location 170;172;244;1,000000000000000;19758,576531096143000;19758,576531096143000
917;Location 172 - Location 172;172;246;1,000000000000000;0,000000000000000;0,000000000000000
918;Location 172 - Location 180;172;254;1,000000000000000;3237,689090725478800;3237,689090725478800
919;Location 172 - Location 181;172;255;1,000000000000000;3862,369092367595800;3862,369092367595800
920;Location 172 - Location 185;172;259;1,000000000000000;13293,679286558759000;13293,679286558759000
921;Location 172 - Location 188;172;262;1,000000000000000;13818,378111432205000;13818,378111432205000
922;Location 172 - Location 197;172;271;1,000000000000000;14904,377485262719000;14904,377485262719000
923;Location 172 - Location 201;172;275;1,000000000000000;16495,486688789231000;16495,486688789231000
924;Location 172 - Location 216;172;290;1,000000000000000;8805,056573844582100;8805,056573844582100
925;Location 182 - Location 149;182;223;1,000000000000000;14210,151336419700000;14210,151336419700000
926;Location 182 - Location 155;182;229;1,000000000000000;11089,818994338173000;11089,818994338173000
927;Location 182 - Location 162;182;236;1,000000000000000;7609,626652509965400;7609,626652509965400
928;Location 182 - Location 164;182;238;1,000000000000000;6492,651300516398800;6492,651300516398800
929;Location 182 - Location 167;182;241;1,000000000000000;7816,168302627556800;7816,168302627556800
930;Location 182 - Location 169;182;243;1,000000000000000;8707,317292980540500;8707,317292980540500
931;Location 182 - Location 173;182;247;1,000000000000000;20034,518638546288000;20034,518638546288000
932;Location 182 - Location 174;182;248;1,000000000000000;20034,518638546288000;20034,518638546288000
933;Location 182 - Location 178;182;252;1,000000000000000;18879,280478494180000;18879,280478494180000
934;Location 182 - Location 179;182;253;1,000000000000000;4392,485761601788000;4392,485761601788000
935;Location 182 - Location 182;182;256;1,000000000000000;0,000000000000000;0,000000000000000
936;Location 182 - Location 183;182;257;1,000000000000000;13304,313390456933000;13304,313390456933000
937;Location 182 - Location 189;182;263;1,000000000000000;12945,408275193247000;12945,408275193247000
938;Location 182 - Location 190;182;264;1,000000000000000;5556,770106649534700;5556,770106649534700
939;Location 182 - Location 191;182;265;1,000000000000000;4919,092822431687600;4919,092822431687600
940;Location 182 - Location 193;182;267;1,000000000000000;17100,517235172760000;17100,517235172760000
941;Location 182 - Location 200;182;274;1,000000000000000;4439,849637520701400;4439,849637520701400
942;Location 182 - Location 202;182;276;1,000000000000000;1393,542543870441200;1393,542543870441200
943;Location 182 - Location 206;182;280;1,000000000000000;17632,419369369742000;17632,419369369742000
944;Location 182 - Location 218;182;292;1,000000000000000;9650,854688071822200;9650,854688071822200
945;Location 182 - Location 221;182;295;1,000000000000000;12442,231852031293000;12442,231852031293000
946;Location 182 - Location 226;182;300;1,000000000000000;11014,324545654590000;11014,324545654590000
947;Location 182 - Location 233;182;307;1,000000000000000;13822,713181639661000;13822,713181639661000
948;Location 182 - Location 234;182;308;1,000000000000000;7180,534094887585500;7180,534094887585500
949;Location 182 - Location 237;182;311;1,000000000000000;11566,392899320352000;11566,392899320352000
950;Location 182 - Location 246;182;320;1,000000000000000;9646,983961798920100;9646,983961798920100
951;Location 182 - Location 247;182;321;1,000000000000000;16087,410369641771000;16087,410369641771000
952;Location 182 - Location 249;182;323;1,000000000000000;12799,022639896988000;12799,022639896988000
953;Location 182 - Location 253;182;327;1,000000000000000;17067,826107225825000;17067,826107225825000
954;Location 182 - Location 259;182;333;1,000000000000000;15881,775418411424000;15881,775418411424000
955;Location 182 - Location 262;182;336;1,000000000000000;10624,970855342090000;10624,970855342090000
956;Location 182 - Location 265;182;339;1,000000000000000;21290,295452415288000;21290,295452415288000
957;Location 182 - Location 266;182;340;1,000000000000000;16116,573271523719000;16116,573271523719000
958;Location 182 - Location 274;182;348;1,000000000000000;20168,537502504099000;20168,537502504099000
959;Location 182 - Location 280;182;354;1,000000000000000;21281,819345781132000;21281,819345781132000
960;Location 182 - Location 286;182;360;1,000000000000000;21414,122638193392000;21414,122638193392000
961;Location 182 - Location 290;182;364;1,000000000000000;14469,719723938450000;14469,719723938450000
962;Location 182 - Location 321;182;395;1,000000000000000;20485,204495746784000;20485,204495746784000
963;Location 231 - Location 143;231;217;1,000000000000000;18937,788371130631000;18937,788371130631000
964;Location 231 - Location 186;231;260;1,000000000000000;5641,029024030900500;5641,029024030900500
965;Location 231 - Location 187;231;261;1,000000000000000;4893,573776600254900;4893,573776600254900
966;Location 231 - Location 194;231;268;1,000000000000000;5321,863026676280200;5321,863026676280200
967;Location 231 - Location 195;231;269;1,000000000000000;4816,492926428605600;4816,492926428605600
968;Location 231 - Location 196;231;270;1,000000000000000;4418,975909387813800;4418,975909387813800
969;Location 231 - Location 213;231;287;1,000000000000000;5321,863026676280200;5321,863026676280200
970;Location 231 - Location 224;231;298;1,000000000000000;3999,711528935015800;3999,711528935015800
971;Location 231 - Location 225;231;299;1,000000000000000;1838,722848476810200;1838,722848476810200
972;Location 231 - Location 227;231;301;1,000000000000000;2084,970372224976900;2084,970372224976900
973;Location 231 - Location 231;231;305;1,000000000000000;0,000000000000000;0,000000000000000
974;Location 231 - Location 244;231;318;1,000000000000000;7570,742969162152800;7570,742969162152800
975;Location 231 - Location 256;231;330;1,000000000000000;9265,975096237847500;9265,975096237847500
976;Location 231 - Location 271;231;345;1,000000000000000;10257,970906356408000;10257,970906356408000
977;Location 231 - Location 281;231;355;1,000000000000000;14359,164517412279000;14359,164517412279000
978;Location 231 - Location 513;231;587;1,000000000000000;8251,740074844723500;8251,740074844723500
979;Location 231 - Location 530;231;604;1,000000000000000;20079,482051677387000;20079,482051677387000
980;Location 231 - Location 538;231;612;1,000000000000000;12127,843061846876000;12127,843061846876000
981;Location 231 - Location 539;231;613;1,000000000000000;17780,151737274693000;17780,151737274693000
982;Location 231 - Location 541;231;615;1,000000000000000;11973,024757075784000;11973,024757075784000
983;Location 270 - Location 175;270;249;1,000000000000000;20360,514512662317000;20360,514512662317000
984;Location 270 - Location 192;270;266;1,000000000000000;16460,717309171898000;16460,717309171898000
985;Location 270 - Location 207;270;281;1,000000000000000;15863,663311456650000;15863,663311456650000
986;Location 270 - Location 212;270;286;1,000000000000000;12177,364882029728000;12177,364882029728000
987;Location 270 - Location 219;270;293;1,000000000000000;7110,290978071736400;7110,290978071736400
988;Location 270 - Location 220;270;294;1,000000000000000;12177,364882029728000;12177,364882029728000
989;Location 270 - Location 223;270;297;1,000000000000000;12568,500545776942000;12568,500545776942000
990;Location 270 - Location 236;270;310;1,000000000000000;11177,497648152588000;11177,497648152588000
991;Location 270 - Location 240;270;314;1,000000000000000;18882,059145035044000;18882,059145035044000
992;Location 270 - Location 243;270;317;1,000000000000000;9349,498751162822400;9349,498751162822400
993;Location 270 - Location 250;270;324;1,000000000000000;14812,547144540466000;14812,547144540466000
994;Location 270 - Location 257;270;331;1,000000000000000;5531,980540247164800;5531,980540247164800
995;Location 270 - Location 260;270;334;1,000000000000000;6074,089924375901300;6074,089924375901300
996;Location 270 - Location 261;270;335;1,000000000000000;13448,988921479611000;13448,988921479611000
997;Location 270 - Location 264;270;338;1,000000000000000;4298,059291203782800;4298,059291203782800
998;Location 270 - Location 270;270;344;1,000000000000000;0,000000000000000;0,000000000000000
999;Location 270 - Location 272;270;346;1,000000000000000;4332,862310625425400;4332,862310625425400
1000;Location 270 - Location 273;270;347;1,000000000000000;4404,558510325276100;4404,558510325276100
1001;Location 270 - Location 275;270;349;1,000000000000000;10333,622507059799000;10333,622507059799000
1002;Location 270 - Location 276;270;350;1,000000000000000;10383,737221602951000;10383,737221602951000
1003;Location 270 - Location 277;270;351;1,000000000000000;10486,561905261782000;10486,561905261782000
1004;Location 270 - Location 294;270;368;1,000000000000000;4488,424383988885900;4488,424383988885900
1005;Location 270 - Location 295;270;369;1,000000000000000;3606,586005908526200;3606,586005908526200
1006;Location 270 - Location 297;270;371;1,000000000000000;3985,419353855134400;3985,419353855134400
1007;Location 307 - Location 165;307;239;1,000000000000000;24290,928844040085000;24290,928844040085000
1008;Location 307 - Location 203;307;277;1,000000000000000;18968,299500356938000;18968,299500356938000
1009;Location 307 - Location 208;307;282;1,000000000000000;19221,806116686050000;19221,806116686050000
1010;Location 307 - Location 209;307;283;1,000000000000000;17278,577049595424000;17278,577049595424000
1011;Location 307 - Location 215;307;289;1,000000000000000;16566,518725373706000;16566,518725373706000
1012;Location 307 - Location 222;307;296;1,000000000000000;17191,863042420635000;17191,863042420635000
1013;Location 307 - Location 228;307;302;1,000000000000000;16609,142204906500000;16609,142204906500000
1014;Location 307 - Location 242;307;316;1,000000000000000;13272,369362041678000;13272,369362041678000
1015;Location 307 - Location 251;307;325;1,000000000000000;16676,992571183328000;16676,992571183328000
1016;Location 307 - Location 252;307;326;1,000000000000000;10539,790259572212000;10539,790259572212000
1017;Location 307 - Location 254;307;328;1,000000000000000;15568,298562506032000;15568,298562506032000
1018;Location 307 - Location 263;307;337;1,000000000000000;14848,830864654323000;14848,830864654323000
1019;Location 307 - Location 268;307;342;1,000000000000000;8940,766329586658700;8940,766329586658700
1020;Location 307 - Location 269;307;343;1,000000000000000;5069,078095916796000;5069,078095916796000
1021;Location 307 - Location 279;307;353;1,000000000000000;15705,946814493531000;15705,946814493531000
1022;Location 307 - Location 282;307;356;1,000000000000000;7556,724391955494000;7556,724391955494000
1023;Location 307 - Location 283;307;357;1,000000000000000;5279,030263379064300;5279,030263379064300
1024;Location 307 - Location 284;307;358;1,000000000000000;5186,248724898752700;5186,248724898752700
1025;Location 307 - Location 292;307;366;1,000000000000000;1954,241338093069300;1954,241338093069300
1026;Location 307 - Location 296;307;370;1,000000000000000;8728,670012018668800;8728,670012018668800
1027;Location 307 - Location 300;307;374;1,000000000000000;8954,167477064991500;8954,167477064991500
1028;Location 307 - Location 304;307;378;1,000000000000000;2737,230467684506900;2737,230467684506900
1029;Location 307 - Location 307;307;381;1,000000000000000;0,000000000000000;0,000000000000000
1030;Location 307 - Location 308;307;382;1,000000000000000;1411,560816771496800;1411,560816771496800
1031;Location 307 - Location 309;307;383;1,000000000000000;5583,717654959858900;5583,717654959858900
1032;Location 307 - Location 314;307;388;1,000000000000000;5917,325167852447500;5917,325167852447500
1033;Location 307 - Location 318;307;392;1,000000000000000;9951,515960593495000;9951,515960593495000
1034;Location 307 - Location 322;307;396;1,000000000000000;6616,461323518467000;6616,461323518467000
1035;Location 307 - Location 326;307;400;1,000000000000000;4347,562329872227600;4347,562329872227600
1036;Location 307 - Location 328;307;402;1,000000000000000;11133,970541707251000;11133,970541707251000
1037;Location 307 - Location 329;307;403;1,000000000000000;12106,837801070727000;12106,837801070727000
1038;Location 307 - Location 331;307;405;1,000000000000000;5344,762078553935700;5344,762078553935700
1039;Location 307 - Location 332;307;406;1,000000000000000;13239,984135486447000;13239,984135486447000
1040;Location 307 - Location 333;307;407;1,000000000000000;5828,378264618646400;5828,378264618646400
1041;Location 307 - Location 342;307;416;1,000000000000000;12516,316138919155000;12516,316138919155000
1042;Location 307 - Location 343;307;417;1,000000000000000;14772,816813010977000;14772,816813010977000
1043;Location 307 - Location 347;307;421;1,000000000000000;14559,377106067986000;14559,377106067986000
1044;Location 307 - Location 348;307;422;1,000000000000000;19184,252256181513000;19184,252256181513000
1045;Location 307 - Location 350;307;424;1,000000000000000;18178,265464218250000;18178,265464218250000
1046;Location 307 - Location 352;307;426;1,000000000000000;16276,273579708562000;16276,273579708562000
1047;Location 307 - Location 355;307;429;1,000000000000000;19419,199429231907000;19419,199429231907000
1048;Location 307 - Location 358;307;432;1,000000000000000;15649,521011089189000;15649,521011089189000
1049;Location 307 - Location 360;307;434;1,000000000000000;20635,292129464524000;20635,292129464524000
1050;Location 307 - Location 361;307;435;1,000000000000000;10815,290591944944000;10815,290591944944000
1051;Location 307 - Location 362;307;436;1,000000000000000;16089,717117873188000;16089,717117873188000
1052;Location 307 - Location 367;307;441;1,000000000000000;17648,126411939400000;17648,126411939400000
1053;Location 307 - Location 525;307;599;1,000000000000000;10182,039597139865000;10182,039597139865000
1054;Location 316 - Location 46;316;120;1,000000000000000;24439,964265487226000;24439,964265487226000
1055;Location 316 - Location 312;316;386;1,000000000000000;13193,761679255709000;13193,761679255709000
1056;Location 316 - Location 316;316;390;1,000000000000000;0,000000000000000;0,000000000000000
1057;Location 316 - Location 317;316;391;1,000000000000000;2583,399159813507100;2583,399159813507100
1058;Location 316 - Location 330;316;404;1,000000000000000;6381,592638508774100;6381,592638508774100
1059;Location 316 - Location 384;316;458;1,000000000000000;13183,675375629475000;13183,675375629475000
1060;Location 340 - Location 214;340;288;1,000000000000000;22631,947312239688000;22631,947312239688000
1061;Location 340 - Location 229;340;303;1,000000000000000;18239,938042265941000;18239,938042265941000
1062;Location 340 - Location 235;340;309;1,000000000000000;19386,247913035168000;19386,247913035168000
1063;Location 340 - Location 239;340;313;1,000000000000000;16741,255691186630000;16741,255691186630000
1064;Location 340 - Location 245;340;319;1,000000000000000;15829,992132770447000;15829,992132770447000
1065;Location 340 - Location 248;340;322;1,000000000000000;14830,084909180432000;14830,084909180432000
1066;Location 340 - Location 255;340;329;1,000000000000000;16523,723808692168000;16523,723808692168000
1067;Location 340 - Location 258;340;332;1,000000000000000;13704,266048308920000;13704,266048308920000
1068;Location 340 - Location 278;340;352;1,000000000000000;10866,538917515041000;10866,538917515041000
1069;Location 340 - Location 285;340;359;1,000000000000000;14084,276584678128000;14084,276584678128000
1070;Location 340 - Location 287;340;361;1,000000000000000;11039,288772264083000;11039,288772264083000
1071;Location 340 - Location 288;340;362;1,000000000000000;20990,922012695471000;20990,922012695471000
1072;Location 340 - Location 289;340;363;1,000000000000000;11647,335801460085000;11647,335801460085000
1073;Location 340 - Location 291;340;365;1,000000000000000;9060,265468585972500;9060,265468585972500
1074;Location 340 - Location 298;340;372;1,000000000000000;8691,612848875151000;8691,612848875151000
1075;Location 340 - Location 299;340;373;1,000000000000000;7344,833987577123500;7344,833987577123500
1076;Location 340 - Location 303;340;377;1,000000000000000;17946,120650372730000;17946,120650372730000
1077;Location 340 - Location 311;340;385;1,000000000000000;17054,733420854056000;17054,733420854056000
1078;Location 340 - Location 315;340;389;1,000000000000000;7346,988966197345700;7346,988966197345700
1079;Location 340 - Location 319;340;393;1,000000000000000;15685,242022818702000;15685,242022818702000
1080;Location 340 - Location 320;340;394;1,000000000000000;11592,351670822913000;11592,351670822913000
1081;Location 340 - Location 323;340;397;1,000000000000000;9062,098878793094600;9062,098878793094600
1082;Location 340 - Location 324;340;398;1,000000000000000;18832,841521773444000;18832,841521773444000
1083;Location 340 - Location 325;340;399;1,000000000000000;7215,751415613623100;7215,751415613623100
1084;Location 340 - Location 338;340;412;1,000000000000000;2134,819125451520900;2134,819125451520900
1085;Location 340 - Location 339;340;413;1,000000000000000;16286,928969575758000;16286,928969575758000
1086;Location 340 - Location 340;340;414;1,000000000000000;0,000000000000000;0,000000000000000
1087;Location 340 - Location 341;340;415;1,000000000000000;7616,920517123580800;7616,920517123580800
1088;Location 340 - Location 345;340;419;1,000000000000000;8346,556203093394300;8346,556203093394300
1089;Location 340 - Location 346;340;420;1,000000000000000;15126,408907654239000;15126,408907654239000
1090;Location 340 - Location 351;340;425;1,000000000000000;9382,143638945413800;9382,143638945413800
1091;Location 340 - Location 357;340;431;1,000000000000000;19999,654550203380000;19999,654550203380000
1092;Location 340 - Location 359;340;433;1,000000000000000;10725,792915671705000;10725,792915671705000
1093;Location 340 - Location 365;340;439;1,000000000000000;7459,876639082154700;7459,876639082154700
1094;Location 340 - Location 368;340;442;1,000000000000000;9071,596760297272300;9071,596760297272300
1095;Location 340 - Location 370;340;444;1,000000000000000;13775,451792727134000;13775,451792727134000
1096;Location 340 - Location 371;340;445;1,000000000000000;14023,705413637992000;14023,705413637992000
1097;Location 340 - Location 376;340;450;1,000000000000000;15473,468103862222000;15473,468103862222000
1098;Location 340 - Location 379;340;453;1,000000000000000;12193,378335950796000;12193,378335950796000
1099;Location 407 - Location 293;407;367;1,000000000000000;24313,759426058758000;24313,759426058758000
1100;Location 407 - Location 301;407;375;1,000000000000000;22734,842878689695000;22734,842878689695000
1101;Location 407 - Location 305;407;379;1,000000000000000;19736,610217503785000;19736,610217503785000
1102;Location 407 - Location 306;407;380;1,000000000000000;22067,135541891512000;22067,135541891512000
1103;Location 407 - Location 310;407;384;1,000000000000000;19082,492119170027000;19082,492119170027000
1104;Location 407 - Location 313;407;387;1,000000000000000;21119,917491543049000;21119,917491543049000
1105;Location 407 - Location 327;407;401;1,000000000000000;16440,397637675134000;16440,397637675134000
1106;Location 407 - Location 335;407;409;1,000000000000000;18138,802410398413000;18138,802410398413000
1107;Location 407 - Location 337;407;411;1,000000000000000;14498,636025776737000;14498,636025776737000
1108;Location 407 - Location 344;407;418;1,000000000000000;12854,011988333397000;12854,011988333397000
1109;Location 407 - Location 349;407;423;1,000000000000000;14456,678260392815000;14456,678260392815000
1110;Location 407 - Location 353;407;427;1,000000000000000;11594,959033004696000;11594,959033004696000
1111;Location 407 - Location 356;407;430;1,000000000000000;12365,979041135626000;12365,979041135626000
1112;Location 407 - Location 363;407;437;1,000000000000000;9959,021915519530000;9959,021915519530000
1113;Location 407 - Location 364;407;438;1,000000000000000;9926,386028138875200;9926,386028138875200
1114;Location 407 - Location 366;407;440;1,000000000000000;12221,128243244008000;12221,128243244008000
1115;Location 407 - Location 369;407;443;1,000000000000000;9278,505875303973900;9278,505875303973900
1116;Location 407 - Location 372;407;446;1,000000000000000;8262,509017658001500;8262,509017658001500
1117;Location 407 - Location 375;407;449;1,000000000000000;10633,655008142334000;10633,655008142334000
1118;Location 407 - Location 377;407;451;1,000000000000000;14424,357165126043000;14424,357165126043000
1119;Location 407 - Location 378;407;452;1,000000000000000;6159,690266634321200;6159,690266634321200
1120;Location 407 - Location 380;407;454;1,000000000000000;8179,629705577968700;8179,629705577968700
1121;Location 407 - Location 381;407;455;1,000000000000000;9807,650672690560900;9807,650672690560900
1122;Location 407 - Location 385;407;459;1,000000000000000;6213,160491272195900;6213,160491272195900
1123;Location 407 - Location 393;407;467;1,000000000000000;18984,168073021356000;18984,168073021356000
1124;Location 407 - Location 394;407;468;1,000000000000000;16724,490988602724000;16724,490988602724000
1125;Location 407 - Location 396;407;470;1,000000000000000;4994,356495301806700;4994,356495301806700
1126;Location 407 - Location 400;407;474;1,000000000000000;1745,753481227362500;1745,753481227362500
1127;Location 407 - Location 401;407;475;1,000000000000000;6994,918272776963900;6994,918272776963900
1128;Location 407 - Location 406;407;480;1,000000000000000;8571,022919470711700;8571,022919470711700
1129;Location 407 - Location 407;407;481;1,000000000000000;0,000000000000000;0,000000000000000
1130;Location 407 - Location 409;407;483;1,000000000000000;15888,765602962932000;15888,765602962932000
1131;Location 407 - Location 410;407;484;1,000000000000000;3508,962154912496300;3508,962154912496300
1132;Location 407 - Location 413;407;487;1,000000000000000;4018,934723346571400;4018,934723346571400
1133;Location 407 - Location 414;407;488;1,000000000000000;10035,215341649306000;10035,215341649306000
1134;Location 407 - Location 416;407;490;1,000000000000000;4657,465296155018200;4657,465296155018200
1135;Location 407 - Location 418;407;492;1,000000000000000;4436,301214471222900;4436,301214471222900
1136;Location 407 - Location 419;407;493;1,000000000000000;5571,769319853459800;5571,769319853459800
1137;Location 407 - Location 420;407;494;1,000000000000000;6619,994675868421800;6619,994675868421800
1138;Location 407 - Location 422;407;496;1,000000000000000;21353,483437528404000;21353,483437528404000
1139;Location 407 - Location 424;407;498;1,000000000000000;7607,631432442780400;7607,631432442780400
1140;Location 407 - Location 428;407;502;1,000000000000000;16969,674748122492000;16969,674748122492000
1141;Location 407 - Location 430;407;504;1,000000000000000;11753,911278230391000;11753,911278230391000
1142;Location 407 - Location 433;407;507;1,000000000000000;10510,777676721698000;10510,777676721698000
1143;Location 407 - Location 439;407;513;1,000000000000000;12364,364539138440000;12364,364539138440000
1144;Location 407 - Location 441;407;515;1,000000000000000;14793,122422112234000;14793,122422112234000
1145;Location 407 - Location 442;407;516;1,000000000000000;13226,578887340002000;13226,578887340002000
1146;Location 407 - Location 443;407;517;1,000000000000000;16021,919644858646000;16021,919644858646000
1147;Location 407 - Location 446;407;520;1,000000000000000;13934,036764600030000;13934,036764600030000
1148;Location 407 - Location 448;407;522;1,000000000000000;11332,968826928245000;11332,968826928245000
1149;Location 407 - Location 450;407;524;1,000000000000000;12697,241009138703000;12697,241009138703000
1150;Location 407 - Location 452;407;526;1,000000000000000;13524,245054742752000;13524,245054742752000
1151;Location 407 - Location 454;407;528;1,000000000000000;13332,753354134320000;13332,753354134320000
1152;Location 407 - Location 487;407;561;1,000000000000000;15993,322664440660000;15993,322664440660000
1153;Location 407 - Location 507;407;581;1,000000000000000;21048,113466817620000;21048,113466817620000
1154;Location 407 - Location 561;407;635;1,000000000000000;14063,484262905908000;14063,484262905908000
1155;Location 412 - Location 302;412;376;1,000000000000000;24317,663602173769000;24317,663602173769000
1156;Location 412 - Location 334;412;408;1,000000000000000;20041,606859879819000;20041,606859879819000
1157;Location 412 - Location 336;412;410;1,000000000000000;19923,712869491228000;19923,712869491228000
1158;Location 412 - Location 354;412;428;1,000000000000000;15324,705397926446000;15324,705397926446000
1159;Location 412 - Location 373;412;447;1,000000000000000;11275,169736614969000;11275,169736614969000
1160;Location 412 - Location 374;412;448;1,000000000000000;10311,301906678596000;10311,301906678596000
1161;Location 412 - Location 382;412;456;1,000000000000000;9856,131133350918400;9856,131133350918400
1162;Location 412 - Location 383;412;457;1,000000000000000;7682,232747987151000;7682,232747987151000
1163;Location 412 - Location 386;412;460;1,000000000000000;13192,168498031844000;13192,168498031844000
1164;Location 412 - Location 387;412;461;1,000000000000000;13593,725558390928000;13593,725558390928000
1165;Location 412 - Location 388;412;462;1,000000000000000;17492,808762307755000;17492,808762307755000
1166;Location 412 - Location 389;412;463;1,000000000000000;9301,031525400781900;9301,031525400781900
1167;Location 412 - Location 390;412;464;1,000000000000000;14476,427284339832000;14476,427284339832000
1168;Location 412 - Location 391;412;465;1,000000000000000;7551,815016729615300;7551,815016729615300
1169;Location 412 - Location 392;412;466;1,000000000000000;11977,264046984417000;11977,264046984417000
1170;Location 412 - Location 398;412;472;1,000000000000000;4097,712602184046800;4097,712602184046800
1171;Location 412 - Location 399;412;473;1,000000000000000;4466,592112573760500;4466,592112573760500
1172;Location 412 - Location 402;412;476;1,000000000000000;1997,433150009636200;1997,433150009636200
1173;Location 412 - Location 403;412;477;1,000000000000000;4263,056979509989100;4263,056979509989100
1174;Location 412 - Location 411;412;485;1,000000000000000;12095,896590393620000;12095,896590393620000
1175;Location 412 - Location 412;412;486;1,000000000000000;0,000000000000000;0,000000000000000
1176;Location 412 - Location 415;412;489;1,000000000000000;917,760658531318770;917,760658531318770
1177;Location 412 - Location 423;412;497;1,000000000000000;5433,753267728816400;5433,753267728816400
1178;Location 412 - Location 425;412;499;1,000000000000000;3307,028372265527700;3307,028372265527700
1179;Location 412 - Location 426;412;500;1,000000000000000;9138,065701030782300;9138,065701030782300
1180;Location 412 - Location 427;412;501;1,000000000000000;12777,558724761519000;12777,558724761519000
1181;Location 412 - Location 429;412;503;1,000000000000000;15937,793165126539000;15937,793165126539000
1182;Location 412 - Location 431;412;505;1,000000000000000;19250,372612324409000;19250,372612324409000
1183;Location 412 - Location 434;412;508;1,000000000000000;7903,028773800482700;7903,028773800482700
1184;Location 412 - Location 435;412;509;1,000000000000000;5546,648035388137000;5546,648035388137000
1185;Location 412 - Location 436;412;510;1,000000000000000;12644,476630359042000;12644,476630359042000
1186;Location 412 - Location 437;412;511;1,000000000000000;18309,121898632373000;18309,121898632373000
1187;Location 412 - Location 438;412;512;1,000000000000000;14430,772427835616000;14430,772427835616000
1188;Location 412 - Location 440;412;514;1,000000000000000;16430,360130985195000;16430,360130985195000
1189;Location 412 - Location 445;412;519;1,000000000000000;18607,997458769154000;18607,997458769154000
1190;Location 412 - Location 447;412;521;1,000000000000000;10667,318530330725000;10667,318530330725000
1191;Location 412 - Location 449;412;523;1,000000000000000;19287,984984798954000;19287,984984798954000
1192;Location 412 - Location 455;412;529;1,000000000000000;21321,350358629476000;21321,350358629476000
1193;Location 412 - Location 456;412;530;1,000000000000000;21321,350358629476000;21321,350358629476000
1194;Location 432 - Location 395;432;469;1,000000000000000;10956,100035081907000;10956,100035081907000
1195;Location 432 - Location 397;432;471;1,000000000000000;12667,278033956891000;12667,278033956891000
1196;Location 432 - Location 404;432;478;1,000000000000000;15910,653923563365000;15910,653923563365000
1197;Location 432 - Location 405;432;479;1,000000000000000;15246,836448463890000;15246,836448463890000
1198;Location 432 - Location 408;432;482;1,000000000000000;17009,126677638233000;17009,126677638233000
1199;Location 432 - Location 417;432;491;1,000000000000000;16637,986332597236000;16637,986332597236000
1200;Location 432 - Location 421;432;495;1,000000000000000;17301,789468691517000;17301,789468691517000
1201;Location 432 - Location 432;432;506;1,000000000000000;0,000000000000000;0,000000000000000
1202;Location 432 - Location 453;432;527;1,000000000000000;5199,876723642961200;5199,876723642961200
1203;Location 432 - Location 459;432;533;1,000000000000000;16123,146510204921000;16123,146510204921000
1204;Location 444 - Location 444;444;518;1,000000000000000;0,000000000000000;0,000000000000000
1205;Location 451 - Location 451;451;525;1,000000000000000;0,000000000000000;0,000000000000000
1206;Location 451 - Location 457;451;531;1,000000000000000;2611,752740494887300;2611,752740494887300
1207;Location 460 - Location 458;460;532;1,000000000000000;1427,007140992940300;1427,007140992940300
1208;Location 460 - Location 460;460;534;1,000000000000000;0,000000000000000;0,000000000000000
1209;Location 464 - Location 464;464;538;1,000000000000000;0,000000000000000;0,000000000000000
1210;Location 470 - Location 461;470;535;1,000000000000000;21297,958073574868000;21297,958073574868000
1211;Location 470 - Location 467;470;541;1,000000000000000;11548,424163245156000;11548,424163245156000
1212;Location 470 - Location 470;470;544;1,000000000000000;0,000000000000000;0,000000000000000
1213;Location 470 - Location 471;470;545;1,000000000000000;6295,089359452387700;6295,089359452387700
1214;Location 470 - Location 480;470;554;1,000000000000000;10535,021245966873000;10535,021245966873000
1215;Location 470 - Location 566;470;640;1,000000000000000;14826,484718881242000;14826,484718881242000
1216;Location 473 - Location 473;473;547;1,000000000000000;0,000000000000000;0,000000000000000
1217;Location 473 - Location 475;473;549;1,000000000000000;16133,321722348606000;16133,321722348606000
1218;Location 473 - Location 496;473;570;1,000000000000000;21656,823005974569000;21656,823005974569000
1219;Location 473 - Location 501;473;575;1,000000000000000;19547,738775726648000;19547,738775726648000
1220;Location 474 - Location 474;474;548;1,000000000000000;0,000000000000000;0,000000000000000
1221;Location 474 - Location 478;474;552;1,000000000000000;23659,501597677518000;23659,501597677518000
1222;Location 474 - Location 484;474;558;1,000000000000000;4509,247704491143800;4509,247704491143800
1223;Location 474 - Location 486;474;560;1,000000000000000;9632,304635683915000;9632,304635683915000
1224;Location 474 - Location 489;474;563;1,000000000000000;5191,885644146411300;5191,885644146411300
1225;Location 474 - Location 490;474;564;1,000000000000000;8399,209726118215300;8399,209726118215300
1226;Location 474 - Location 495;474;569;1,000000000000000;5180,237060071684000;5180,237060071684000
1227;Location 474 - Location 498;474;572;1,000000000000000;14110,769446295191000;14110,769446295191000
1228;Location 474 - Location 499;474;573;1,000000000000000;9046,429264499518500;9046,429264499518500
1229;Location 474 - Location 505;474;579;1,000000000000000;21645,697089604932000;21645,697089604932000
1230;Location 474 - Location 510;474;584;1,000000000000000;966,142265248304970;966,142265248304970
1231;Location 474 - Location 516;474;590;1,000000000000000;6502,008582040590200;6502,008582040590200
1232;Location 474 - Location 534;474;608;1,000000000000000;12819,772128321923000;12819,772128321923000
1233;Location 474 - Location 542;474;616;1,000000000000000;13112,625365270758000;13112,625365270758000
1234;Location 474 - Location 555;474;629;1,000000000000000;14407,832611898612000;14407,832611898612000
1235;Location 474 - Location 556;474;630;1,000000000000000;19803,595599716144000;19803,595599716144000
1236;Location 482 - Location 479;482;553;1,000000000000000;19835,431861020428000;19835,431861020428000
1237;Location 482 - Location 482;482;556;1,000000000000000;0,000000000000000;0,000000000000000
1238;Location 482 - Location 491;482;565;1,000000000000000;21925,764044165564000;21925,764044165564000
1239;Location 482 - Location 492;482;566;1,000000000000000;8004,265262161703500;8004,265262161703500
1240;Location 482 - Location 503;482;577;1,000000000000000;308,208255043454070;308,208255043454070
1241;Location 482 - Location 504;482;578;1,000000000000000;17274,135096185688000;17274,135096185688000
1242;Location 482 - Location 511;482;585;1,000000000000000;3302,645413054985500;3302,645413054985500
1243;Location 482 - Location 527;482;601;1,000000000000000;17449,371546354399000;17449,371546354399000
1244;Location 494 - Location 463;494;537;1,000000000000000;6483,824239533176300;6483,824239533176300
1245;Location 494 - Location 477;494;551;1,000000000000000;9996,760142686869600;9996,760142686869600
1246;Location 494 - Location 494;494;568;1,000000000000000;0,000000000000000;0,000000000000000
1247;Location 494 - Location 521;494;595;1,000000000000000;17618,685859647965000;17618,685859647965000
1248;Location 494 - Location 524;494;598;1,000000000000000;17241,203918990668000;17241,203918990668000
1249;Location 494 - Location 526;494;600;1,000000000000000;16168,329345052407000;16168,329345052407000
1250;Location 494 - Location 532;494;606;1,000000000000000;17825,688466625907000;17825,688466625907000
1251;Location 494 - Location 535;494;609;1,000000000000000;23683,576429116019000;23683,576429116019000
1252;Location 494 - Location 540;494;614;1,000000000000000;16440,127431204703000;16440,127431204703000
1253;Location 506 - Location 493;506;567;1,000000000000000;14130,950338014207000;14130,950338014207000
1254;Location 506 - Location 500;506;574;1,000000000000000;13153,666840741735000;13153,666840741735000
1255;Location 506 - Location 502;506;576;1,000000000000000;7818,212106455163800;7818,212106455163800
1256;Location 506 - Location 506;506;580;1,000000000000000;0,000000000000000;0,000000000000000
1257;Location 506 - Location 508;506;582;1,000000000000000;19870,011293536263000;19870,011293536263000
1258;Location 506 - Location 512;506;586;1,000000000000000;19788,692364342482000;19788,692364342482000
1259;Location 506 - Location 519;506;593;1,000000000000000;21491,554052030184000;21491,554052030184000
1260;Location 506 - Location 520;506;594;1,000000000000000;20709,334962109049000;20709,334962109049000
1261;Location 506 - Location 523;506;597;1,000000000000000;15632,582337686617000;15632,582337686617000
1262;Location 506 - Location 531;506;605;1,000000000000000;21848,606473664870000;21848,606473664870000
1263;Location 506 - Location 568;506;642;1,000000000000000;12516,492180020436000;12516,492180020436000
1264;Location 517 - Location 517;517;591;1,000000000000000;0,000000000000000;0,000000000000000
1265;Location 533 - Location 120;533;194;1,000000000000000;13005,076407765469000;13005,076407765469000
1266;Location 533 - Location 124;533;198;1,000000000000000;7701,636151918486600;7701,636151918486600
1267;Location 533 - Location 518;533;592;1,000000000000000;2092,469691771568300;2092,469691771568300
1268;Location 533 - Location 533;533;607;1,000000000000000;0,000000000000000;0,000000000000000
1269;Location 533 - Location 536;533;610;1,000000000000000;20530,962853849189000;20530,962853849189000
1270;Location 537 - Location 469;537;543;1,000000000000000;19651,085027191180000;19651,085027191180000
1271;Location 537 - Location 485;537;559;1,000000000000000;19076,204481869390000;19076,204481869390000
1272;Location 537 - Location 537;537;611;1,000000000000000;0,000000000000000;0,000000000000000
1273;Location 537 - Location 549;537;623;1,000000000000000;6770,351617927434700;6770,351617927434700
1274;Location 537 - Location 553;537;627;1,000000000000000;12764,117164650776000;12764,117164650776000
1275;Location 537 - Location 562;537;636;1,000000000000000;5198,479821303810200;5198,479821303810200
1276;Location 537 - Location 563;537;637;1,000000000000000;12919,706745074996000;12919,706745074996000
1277;Location 543 - Location 543;543;617;1,000000000000000;0,000000000000000;0,000000000000000
1278;Location 543 - Location 546;543;620;1,000000000000000;3799,519642109715300;3799,519642109715300
1279;Location 543 - Location 557;543;631;1,000000000000000;18068,107770510276000;18068,107770510276000
1280;Location 545 - Location 497;545;571;1,000000000000000;4857,103740793057100;4857,103740793057100
1281;Location 545 - Location 509;545;583;1,000000000000000;8280,227323173294300;8280,227323173294300
1282;Location 545 - Location 514;545;588;1,000000000000000;7528,628303024498600;7528,628303024498600
1283;Location 545 - Location 515;545;589;1,000000000000000;8536,499751599119900;8536,499751599119900
1284;Location 545 - Location 522;545;596;1,000000000000000;5579,447155532396200;5579,447155532396200
1285;Location 545 - Location 528;545;602;1,000000000000000;9907,241799485869700;9907,241799485869700
1286;Location 545 - Location 529;545;603;1,000000000000000;9394,694707032467700;9394,694707032467700
1287;Location 545 - Location 544;545;618;1,000000000000000;15161,486004945298000;15161,486004945298000
1288;Location 545 - Location 545;545;619;1,000000000000000;0,000000000000000;0,000000000000000
1289;Location 545 - Location 547;545;621;1,000000000000000;16351,572914326603000;16351,572914326603000
1290;Location 545 - Location 548;545;622;1,000000000000000;20514,200355281828000;20514,200355281828000
1291;Location 545 - Location 551;545;625;1,000000000000000;17894,836650534249000;17894,836650534249000
1292;Location 545 - Location 552;545;626;1,000000000000000;14035,080039685519000;14035,080039685519000
1293;Location 545 - Location 554;545;628;1,000000000000000;9027,030436157278000;9027,030436157278000
1294;Location 545 - Location 558;545;632;1,000000000000000;12713,242810590506000;12713,242810590506000
1295;Location 545 - Location 559;545;633;1,000000000000000;11397,329992567778000;11397,329992567778000
1296;Location 545 - Location 560;545;634;1,000000000000000;23750,251137603729000;23750,251137603729000
1297;Location 545 - Location 564;545;638;1,000000000000000;11354,365048801585000;11354,365048801585000
1298;Location 550 - Location 476;550;550;1,000000000000000;15403,701685696728000;15403,701685696728000
1299;Location 550 - Location 481;550;555;1,000000000000000;11542,174852697082000;11542,174852697082000
1300;Location 550 - Location 483;550;557;1,000000000000000;13622,946918095244000;13622,946918095244000
1301;Location 550 - Location 488;550;562;1,000000000000000;13006,996584496199000;13006,996584496199000
1302;Location 550 - Location 550;550;624;1,000000000000000;0,000000000000000;0,000000000000000
1303;Location 550 - Location 565;550;639;1,000000000000000;23973,560662292366000;23973,560662292366000
1304;Location 569 - Location 462;569;536;1,000000000000000;24100,022507086294000;24100,022507086294000
1305;Location 569 - Location 465;569;539;1,000000000000000;21842,363698167384000;21842,363698167384000
1306;Location 569 - Location 466;569;540;1,000000000000000;779,703931674339290;779,703931674339290
1307;Location 569 - Location 468;569;542;1,000000000000000;17475,054509808080000;17475,054509808080000
1308;Location 569 - Location 472;569;546;1,000000000000000;18055,196880880110000;18055,196880880110000
1309;Location 569 - Location 567;569;641;1,000000000000000;17797,878262498631000;17797,878262498631000
1310;Location 569 - Location 569;569;643;1,000000000000000;0,000000000000000;0,000000000000000
1311;Location 569 - Location 570;569;644;1,000000000000000;22274,018113622733000;22274,018113622733000
1312;Location 569 - Location 572;569;646;1,000000000000000;5621,025502212703900;5621,025502212703900
1313;Location 571 - Location 571;571;645;1,000000000000000;0,000000000000000;0,000000000000000