ObjectID;Name;FacilityID;DemandID;Weight;TotalWeighted_Length;Total_Length
1314;Location 1 - Location 1;1;75;1,000000000000000;0,000000000000000;0,000000000000000
1315;Location 2 - Location 2;2;76;1,000000000000000;0,000000000000000;0,000000000000000
1316;Location 4 - Location 4;4;78;1,000000000000000;0,000000000000000;0,000000000000000
1317;Location 7 - Location 5;7;79;1,000000000000000;9438,429747658472500;9438,429747658472500
1318;Location 7 - Location 7;7;81;1,000000000000000;0,000000000000000;0,000000000000000
1319;Location 7 - Location 12;7;86;1,000000000000000;6517,288562785101000;6517,288562785101000
1320;Location 9 - Location 3;9;77;1,000000000000000;6986,839746815578100;6986,839746815578100
1321;Location 9 - Location 6;9;80;1,000000000000000;8501,423200007431700;8501,423200007431700
1322;Location 9 - Location 8;9;82;1,000000000000000;7515,788434264392900;7515,788434264392900
1323;Location 9 - Location 9;9;83;1,000000000000000;0,000000000000000;0,000000000000000
1324;Location 9 - Location 11;9;85;1,000000000000000;3569,361417524018200;3569,361417524018200
1325;Location 10 - Location 10;10;84;1,000000000000000;0,000000000000000;0,000000000000000
1326;Location 14 - Location 14;14;88;1,000000000000000;0,000000000000000;0,000000000000000
1327;Location 14 - Location 25;14;99;1,000000000000000;5001,509046066992600;5001,509046066992600
1328;Location 14 - Location 27;14;101;1,000000000000000;6086,745418033340700;6086,745418033340700
1329;Location 14 - Location 28;14;102;1,000000000000000;2105,419234983850400;2105,419234983850400
1330;Location 16 - Location 16;16;90;1,000000000000000;0,000000000000000;0,000000000000000
1331;Location 17 - Location 17;17;91;1,000000000000000;0,000000000000000;0,000000000000000
1332;Location 17 - Location 23;17;97;1,000000000000000;4939,872997631443500;4939,872997631443500
1333;Location 17 - Location 24;17;98;1,000000000000000;3675,980078751144400;3675,980078751144400
1334;Location 17 - Location 29;17;103;1,000000000000000;8425,619910747409400;8425,619910747409400
1335;Location 19 - Location 13;19;87;1,000000000000000;520,891998014845510;520,891998014845510
1336;Location 19 - Location 19;19;93;1,000000000000000;0,000000000000000;0,000000000000000
1337;Location 20 - Location 20;20;94;1,000000000000000;0,000000000000000;0,000000000000000
1338;Location 21 - Location 18;21;92;1,000000000000000;9524,911172314479700;9524,911172314479700
1339;Location 21 - Location 21;21;95;1,000000000000000;0,000000000000000;0,000000000000000
1340;Location 22 - Location 22;22;96;1,000000000000000;0,000000000000000;0,000000000000000
1341;Location 26 - Location 15;26;89;1,000000000000000;4980,969793057866800;4980,969793057866800
1342;Location 26 - Location 26;26;100;1,000000000000000;0,000000000000000;0,000000000000000
1343;Location 31 - Location 31;31;105;1,000000000000000;0,000000000000000;0,000000000000000
1344;Location 33 - Location 32;33;106;1,000000000000000;7847,576871818997500;7847,576871818997500
1345;Location 33 - Location 33;33;107;1,000000000000000;0,000000000000000;0,000000000000000
1346;Location 33 - Location 35;33;109;1,000000000000000;4389,692315095785500;4389,692315095785500
1347;Location 34 - Location 34;34;108;1,000000000000000;0,000000000000000;0,000000000000000
1348;Location 34 - Location 36;34;110;1,000000000000000;8949,530161502498200;8949,530161502498200
1349;Location 34 - Location 56;34;130;1,000000000000000;5236,889852666872700;5236,889852666872700
1350;Location 34 - Location 60;34;134;1,000000000000000;8598,001658974582800;8598,001658974582800
1351;Location 37 - Location 37;37;111;1,000000000000000;0,000000000000000;0,000000000000000
1352;Location 40 - Location 40;40;114;1,000000000000000;0,000000000000000;0,000000000000000
1353;Location 41 - Location 38;41;112;1,000000000000000;6657,752956532927800;6657,752956532927800
1354;Location 41 - Location 39;41;113;1,000000000000000;4465,348899907428900;4465,348899907428900
1355;Location 41 - Location 41;41;115;1,000000000000000;0,000000000000000;0,000000000000000
1356;Location 41 - Location 81;41;155;1,000000000000000;4903,515325136340800;4903,515325136340800
1357;Location 41 - Location 83;41;157;1,000000000000000;8156,155604440147700;8156,155604440147700
1358;Location 42 - Location 42;42;116;1,000000000000000;0,000000000000000;0,000000000000000
1359;Location 42 - Location 43;42;117;1,000000000000000;5519,390605799666400;5519,390605799666400
1360;Location 42 - Location 44;42;118;1,000000000000000;7327,527754461230000;7327,527754461230000
1361;Location 46 - Location 46;46;120;1,000000000000000;0,000000000000000;0,000000000000000
1362;Location 47 - Location 47;47;121;1,000000000000000;0,000000000000000;0,000000000000000
1363;Location 48 - Location 48;48;122;1,000000000000000;0,000000000000000;0,000000000000000
1364;Location 49 - Location 45;49;119;1,000000000000000;3244,978294302868100;3244,978294302868100
1365;Location 49 - Location 49;49;123;1,000000000000000;0,000000000000000;0,000000000000000
1366;Location 50 - Location 50;50;124;1,000000000000000;0,000000000000000;0,000000000000000
1367;Location 51 - Location 51;51;125;1,000000000000000;0,000000000000000;0,000000000000000
1368;Location 52 - Location 52;52;126;1,000000000000000;0,000000000000000;0,000000000000000
1369;Location 53 - Location 53;53;127;1,000000000000000;0,000000000000000;0,000000000000000
1370;Location 55 - Location 55;55;129;1,000000000000000;0,000000000000000;0,000000000000000
1371;Location 55 - Location 61;55;135;1,000000000000000;1575,337185318866200;1575,337185318866200
1372;Location 58 - Location 54;58;128;1,000000000000000;3880,842016627828300;3880,842016627828300
1373;Location 58 - Location 57;58;131;1,000000000000000;9868,305841295268700;9868,305841295268700
1374;Location 58 - Location 58;58;132;1,000000000000000;0,000000000000000;0,000000000000000
1375;Location 58 - Location 59;58;133;1,000000000000000;7328,721763173073700;7328,721763173073700
1376;Location 62 - Location 62;62;136;1,000000000000000;0,000000000000000;0,000000000000000
1377;Location 63 - Location 63;63;137;1,000000000000000;0,000000000000000;0,000000000000000
1378;Location 63 - Location 64;63;138;1,000000000000000;6435,108899976785300;6435,108899976785300
1379;Location 66 - Location 66;66;140;1,000000000000000;0,000000000000000;0,000000000000000
1380;Location 66 - Location 67;66;141;1,000000000000000;8426,190809518277100;8426,190809518277100
1381;Location 66 - Location 68;66;142;1,000000000000000;14,197178070098252;14,197178070098252
1382;Location 66 - Location 69;66;143;1,000000000000000;8502,795843096566400;8502,795843096566400
1383;Location 71 - Location 70;71;144;1,000000000000000;7499,942596068254700;7499,942596068254700
1384;Location 71 - Location 71;71;145;1,000000000000000;0,000000000000000;0,000000000000000
1385;Location 72 - Location 65;72;139;1,000000000000000;3733,292721814051700;3733,292721814051700
1386;Location 72 - Location 72;72;146;1,000000000000000;0,000000000000000;0,000000000000000
1387;Location 75 - Location 73;75;147;1,000000000000000;6133,499077237426700;6133,499077237426700
1388;Location 75 - Location 74;75;148;1,000000000000000;6213,868456929148100;6213,868456929148100
1389;Location 75 - Location 75;75;149;1,000000000000000;0,000000000000000;0,000000000000000
1390;Location 77 - Location 77;77;151;1,000000000000000;0,000000000000000;0,000000000000000
1391;Location 77 - Location 78;77;152;1,000000000000000;3506,129959128757900;3506,129959128757900
1392;Location 77 - Location 85;77;159;1,000000000000000;5947,860333587472300;5947,860333587472300
1393;Location 77 - Location 87;77;161;1,000000000000000;7714,564155153375400;7714,564155153375400
1394;Location 77 - Location 88;77;162;1,000000000000000;9978,673007686846200;9978,673007686846200
1395;Location 82 - Location 80;82;154;1,000000000000000;990,366043209672170;990,366043209672170
1396;Location 82 - Location 82;82;156;1,000000000000000;0,000000000000000;0,000000000000000
1397;Location 82 - Location 90;82;164;1,000000000000000;6935,238824830077600;6935,238824830077600
1398;Location 84 - Location 84;84;158;1,000000000000000;0,000000000000000;0,000000000000000
1399;Location 93 - Location 76;93;150;1,000000000000000;3929,271916942917900;3929,271916942917900
1400;Location 93 - Location 79;93;153;1,000000000000000;6591,498684261136100;6591,498684261136100
1401;Location 93 - Location 86;93;160;1,000000000000000;2908,869818206483200;2908,869818206483200
1402;Location 93 - Location 89;93;163;1,000000000000000;9853,955885713712600;9853,955885713712600
1403;Location 93 - Location 91;93;165;1,000000000000000;9499,837588990765700;9499,837588990765700
1404;Location 93 - Location 92;93;166;1,000000000000000;5682,860320347114800;5682,860320347114800
1405;Location 93 - Location 93;93;167;1,000000000000000;0,000000000000000;0,000000000000000
1406;Location 94 - Location 94;94;168;1,000000000000000;0,000000000000000;0,000000000000000
1407;Location 94 - Location 97;94;171;1,000000000000000;3445,347874720462200;3445,347874720462200
1408;Location 94 - Location 98;94;172;1,000000000000000;6283,789122320435100;6283,789122320435100
1409;Location 94 - Location 100;94;174;1,000000000000000;7921,536574307614500;7921,536574307614500
1410;Location 94 - Location 101;94;175;1,000000000000000;5671,850146547296400;5671,850146547296400
1411;Location 95 - Location 95;95;169;1,000000000000000;0,000000000000000;0,000000000000000
1412;Location 96 - Location 96;96;170;1,000000000000000;0,000000000000000;0,000000000000000
1413;Location 102 - Location 102;102;176;1,000000000000000;0,000000000000000;0,000000000000000
1414;Location 102 - Location 106;102;180;1,000000000000000;4011,381458911877900;4011,381458911877900
1415;Location 105 - Location 30;105;104;1,000000000000000;3132,257619991542900;3132,257619991542900
1416;Location 105 - Location 99;105;173;1,000000000000000;4397,261713883008300;4397,261713883008300
1417;Location 105 - Location 103;105;177;1,000000000000000;8726,362528705629300;8726,362528705629300
1418;Location 105 - Location 104;105;178;1,000000000000000;3447,667236070997700;3447,667236070997700
1419;Location 105 - Location 105;105;179;1,000000000000000;0,000000000000000;0,000000000000000
1420;Location 107 - Location 107;107;181;1,000000000000000;0,000000000000000;0,000000000000000
1421;Location 109 - Location 109;109;183;1,000000000000000;0,000000000000000;0,000000000000000
1422;Location 109 - Location 110;109;184;1,000000000000000;6340,622678887544700;6340,622678887544700
1423;Location 109 - Location 112;109;186;1,000000000000000;6773,549444577744000;6773,549444577744000
1424;Location 113 - Location 108;113;182;1,000000000000000;6799,010117085076700;6799,010117085076700
1425;Location 113 - Location 111;113;185;1,000000000000000;2581,999075686152100;2581,999075686152100
1426;Location 113 - Location 113;113;187;1,000000000000000;0,000000000000000;0,000000000000000
1427;Location 113 - Location 116;113;190;1,000000000000000;3514,965649217158000;3514,965649217158000
1428;Location 113 - Location 117;113;191;1,000000000000000;4061,984110144251600;4061,984110144251600
1429;Location 113 - Location 119;113;193;1,000000000000000;6541,563165088335200;6541,563165088335200
1430;Location 114 - Location 114;114;188;1,000000000000000;0,000000000000000;0,000000000000000
1431;Location 115 - Location 115;115;189;1,000000000000000;0,000000000000000;0,000000000000000
1432;Location 118 - Location 118;118;192;1,000000000000000;0,000000000000000;0,000000000000000
1433;Location 124 - Location 120;124;194;1,000000000000000;5303,440255846982800;5303,440255846982800
1434;Location 124 - Location 124;124;198;1,000000000000000;0,000000000000000;0,000000000000000
1435;Location 124 - Location 518;124;592;1,000000000000000;9794,105843690056600;9794,105843690056600
1436;Location 124 - Location 533;124;607;1,000000000000000;7701,636151918486600;7701,636151918486600
1437;Location 125 - Location 125;125;199;1,000000000000000;0,000000000000000;0,000000000000000
1438;Location 125 - Location 128;125;202;1,000000000000000;1665,896127017303600;1665,896127017303600
1439;Location 129 - Location 121;129;195;1,000000000000000;6227,954988538677800;6227,954988538677800
1440;Location 129 - Location 126;129;200;1,000000000000000;3335,943579668621200;3335,943579668621200
1441;Location 129 - Location 127;129;201;1,000000000000000;2490,806800851572900;2490,806800851572900
1442;Location 129 - Location 129;129;203;1,000000000000000;0,000000000000000;0,000000000000000
1443;Location 130 - Location 130;130;204;1,000000000000000;0,000000000000000;0,000000000000000
1444;Location 130 - Location 134;130;208;1,000000000000000;5130,344057430751500;5130,344057430751500
1445;Location 132 - Location 122;132;196;1,000000000000000;6265,536584651161300;6265,536584651161300
1446;Location 132 - Location 123;132;197;1,000000000000000;7114,795599547028400;7114,795599547028400
1447;Location 132 - Location 131;132;205;1,000000000000000;3740,317486098952000;3740,317486098952000
1448;Location 132 - Location 132;132;206;1,000000000000000;0,000000000000000;0,000000000000000
1449;Location 136 - Location 136;136;210;1,000000000000000;0,000000000000000;0,000000000000000
1450;Location 137 - Location 135;137;209;1,000000000000000;5811,151866478567200;5811,151866478567200
1451;Location 137 - Location 137;137;211;1,000000000000000;0,000000000000000;0,000000000000000
1452;Location 137 - Location 147;137;221;1,000000000000000;5289,994437854420500;5289,994437854420500
1453;Location 137 - Location 151;137;225;1,000000000000000;9275,464862245549700;9275,464862245549700
1454;Location 143 - Location 143;143;217;1,000000000000000;0,000000000000000;0,000000000000000
1455;Location 144 - Location 139;144;213;1,000000000000000;4042,860601955828300;4042,860601955828300
1456;Location 144 - Location 140;144;214;1,000000000000000;3425,759860605415700;3425,759860605415700
1457;Location 144 - Location 144;144;218;1,000000000000000;0,000000000000000;0,000000000000000
1458;Location 144 - Location 148;144;222;1,000000000000000;2743,232205159987600;2743,232205159987600
1459;Location 144 - Location 150;144;224;1,000000000000000;2397,754646362820500;2397,754646362820500
1460;Location 144 - Location 157;144;231;1,000000000000000;7379,907053978570700;7379,907053978570700
1461;Location 146 - Location 138;146;212;1,000000000000000;3768,802039739208800;3768,802039739208800
1462;Location 146 - Location 141;146;215;1,000000000000000;1779,950701488791300;1779,950701488791300
1463;Location 146 - Location 145;146;219;1,000000000000000;2392,347124053657400;2392,347124053657400
1464;Location 146 - Location 146;146;220;1,000000000000000;0,000000000000000;0,000000000000000
1465;Location 149 - Location 133;149;207;1,000000000000000;9845,047899911573000;9845,047899911573000
1466;Location 149 - Location 149;149;223;1,000000000000000;0,000000000000000;0,000000000000000
1467;Location 149 - Location 155;149;229;1,000000000000000;3917,478860848863400;3917,478860848863400
1468;Location 153 - Location 142;153;216;1,000000000000000;5778,645490924768600;5778,645490924768600
1469;Location 153 - Location 153;153;227;1,000000000000000;0,000000000000000;0,000000000000000
1470;Location 153 - Location 163;153;237;1,000000000000000;6110,524976572643900;6110,524976572643900
1471;Location 154 - Location 154;154;228;1,000000000000000;0,000000000000000;0,000000000000000
1472;Location 154 - Location 159;154;233;1,000000000000000;2753,436116065807300;2753,436116065807300
1473;Location 158 - Location 152;158;226;1,000000000000000;193,880685936627200;193,880685936627200
1474;Location 158 - Location 158;158;232;1,000000000000000;0,000000000000000;0,000000000000000
1475;Location 161 - Location 161;161;235;1,000000000000000;0,000000000000000;0,000000000000000
1476;Location 170 - Location 160;170;234;1,000000000000000;6475,430526402095000;6475,430526402095000
1477;Location 170 - Location 170;170;244;1,000000000000000;0,000000000000000;0,000000000000000
1478;Location 170 - Location 192;170;266;1,000000000000000;3602,940599964963400;3602,940599964963400
1479;Location 170 - Location 207;170;281;1,000000000000000;4199,994597680211000;4199,994597680211000
1480;Location 176 - Location 166;176;240;1,000000000000000;2487,484433557984200;2487,484433557984200
1481;Location 176 - Location 168;176;242;1,000000000000000;2354,898044930876500;2354,898044930876500
1482;Location 176 - Location 176;176;250;1,000000000000000;0,000000000000000;0,000000000000000
1483;Location 176 - Location 177;176;251;1,000000000000000;3158,916540771654100;3158,916540771654100
1484;Location 176 - Location 185;176;259;1,000000000000000;1961,232934317225000;1961,232934317225000
1485;Location 176 - Location 188;176;262;1,000000000000000;2485,931759190670200;2485,931759190670200
1486;Location 176 - Location 197;176;271;1,000000000000000;3571,931133021184900;3571,931133021184900
1487;Location 176 - Location 201;176;275;1,000000000000000;5163,040336547696800;5163,040336547696800
1488;Location 179 - Location 162;179;236;1,000000000000000;4927,554527930395100;4927,554527930395100
1489;Location 179 - Location 164;179;238;1,000000000000000;3810,579175936828500;3810,579175936828500
1490;Location 179 - Location 167;179;241;1,000000000000000;5134,096178047986500;5134,096178047986500
1491;Location 179 - Location 169;179;243;1,000000000000000;6025,245168400972000;6025,245168400972000
1492;Location 179 - Location 179;179;253;1,000000000000000;0,000000000000000;0,000000000000000
1493;Location 179 - Location 182;179;256;1,000000000000000;4392,485761601788000;4392,485761601788000
1494;Location 179 - Location 190;179;264;1,000000000000000;1816,034331608756900;1816,034331608756900
1495;Location 179 - Location 191;179;265;1,000000000000000;2453,711615826604400;2453,711615826604400
1496;Location 179 - Location 200;179;274;1,000000000000000;2932,954800737590600;2932,954800737590600
1497;Location 179 - Location 202;179;276;1,000000000000000;5786,028305472229500;5786,028305472229500
1498;Location 180 - Location 172;180;246;1,000000000000000;3237,689090725479200;3237,689090725479200
1499;Location 180 - Location 180;180;254;1,000000000000000;0,000000000000000;0,000000000000000
1500;Location 180 - Location 181;180;255;1,000000000000000;624,680001642116850;624,680001642116850
1501;Location 180 - Location 216;180;290;1,000000000000000;5567,367483119103800;5567,367483119103800
1502;Location 184 - Location 156;184;230;1,000000000000000;9294,972164710025000;9294,972164710025000
1503;Location 184 - Location 171;184;245;1,000000000000000;4227,454734035313800;4227,454734035313800
1504;Location 184 - Location 184;184;258;1,000000000000000;0,000000000000000;0,000000000000000
1505;Location 184 - Location 198;184;272;1,000000000000000;8247,892615314491200;8247,892615314491200
1506;Location 184 - Location 204;184;278;1,000000000000000;1944,924888704530100;1944,924888704530100
1507;Location 184 - Location 205;184;279;1,000000000000000;1950,298794543223500;1950,298794543223500
1508;Location 184 - Location 211;184;285;1,000000000000000;3280,943764905097900;3280,943764905097900
1509;Location 193 - Location 173;193;247;1,000000000000000;2934,001403373529700;2934,001403373529700
1510;Location 193 - Location 174;193;248;1,000000000000000;2934,001403373529700;2934,001403373529700
1511;Location 193 - Location 193;193;267;1,000000000000000;0,000000000000000;0,000000000000000
1512;Location 193 - Location 206;193;280;1,000000000000000;4557,445664353394000;4557,445664353394000
1513;Location 193 - Location 218;193;292;1,000000000000000;7449,662547100933800;7449,662547100933800
1514;Location 193 - Location 221;193;295;1,000000000000000;4658,285383141465000;4658,285383141465000
1515;Location 193 - Location 226;193;300;1,000000000000000;6086,192689518166800;6086,192689518166800
1516;Location 196 - Location 186;196;260;1,000000000000000;1222,053114643086700;1222,053114643086700
1517;Location 196 - Location 187;196;261;1,000000000000000;474,597867212441490;474,597867212441490
1518;Location 196 - Location 194;196;268;1,000000000000000;2827,252498037388200;2827,252498037388200
1519;Location 196 - Location 195;196;269;1,000000000000000;397,517017040792210;397,517017040792210
1520;Location 196 - Location 196;196;270;1,000000000000000;0,000000000000000;0,000000000000000
1521;Location 196 - Location 213;196;287;1,000000000000000;2827,252498037388200;2827,252498037388200
1522;Location 196 - Location 224;196;298;1,000000000000000;4944,292273026361700;4944,292273026361700
1523;Location 196 - Location 225;196;299;1,000000000000000;4798,456811422110100;4798,456811422110100
1524;Location 196 - Location 227;196;301;1,000000000000000;5044,704335170276900;5044,704335170276900
1525;Location 196 - Location 231;196;305;1,000000000000000;4418,975909387812900;4418,975909387812900
1526;Location 203 - Location 165;203;239;1,000000000000000;5322,629343683149300;5322,629343683149300
1527;Location 203 - Location 203;203;277;1,000000000000000;0,000000000000000;0,000000000000000
1528;Location 203 - Location 242;203;316;1,000000000000000;8135,539771779709600;8135,539771779709600
1529;Location 212 - Location 175;212;249;1,000000000000000;8183,149630632590700;8183,149630632590700
1530;Location 212 - Location 212;212;286;1,000000000000000;0,000000000000000;0,000000000000000
1531;Location 212 - Location 219;212;293;1,000000000000000;5067,073903957992100;5067,073903957992100
1532;Location 212 - Location 220;212;294;1,000000000000000;0,000000000000000;0,000000000000000
1533;Location 212 - Location 223;212;297;1,000000000000000;391,135663747213360;391,135663747213360
1534;Location 212 - Location 236;212;310;1,000000000000000;999,867233877140280;999,867233877140280
1535;Location 212 - Location 240;212;314;1,000000000000000;6704,694263005314500;6704,694263005314500
1536;Location 215 - Location 209;215;283;1,000000000000000;712,058324221716130;712,058324221716130
1537;Location 215 - Location 215;215;289;1,000000000000000;0,000000000000000;0,000000000000000
1538;Location 215 - Location 268;215;342;1,000000000000000;7625,752395787048000;7625,752395787048000
1539;Location 222 - Location 208;222;282;1,000000000000000;2029,943074265415100;2029,943074265415100
1540;Location 222 - Location 222;222;296;1,000000000000000;0,000000000000000;0,000000000000000
1541;Location 222 - Location 228;222;302;1,000000000000000;582,720837514135500;582,720837514135500
1542;Location 230 - Location 230;230;304;1,000000000000000;0,000000000000000;0,000000000000000
1543;Location 233 - Location 178;233;252;1,000000000000000;9007,264492894763000;9007,264492894763000
1544;Location 233 - Location 183;233;257;1,000000000000000;7772,362578146980900;7772,362578146980900
1545;Location 233 - Location 189;233;263;1,000000000000000;8131,267693410667600;8131,267693410667600
1546;Location 233 - Location 233;233;307;1,000000000000000;0,000000000000000;0,000000000000000
1547;Location 233 - Location 247;233;321;1,000000000000000;2264,697188002110100;2264,697188002110100
1548;Location 233 - Location 253;233;327;1,000000000000000;3245,112925586165100;3245,112925586165100
1549;Location 233 - Location 274;233;348;1,000000000000000;6345,824320864438100;6345,824320864438100
1550;Location 233 - Location 280;233;354;1,000000000000000;7459,106164141472600;7459,106164141472600
1551;Location 233 - Location 286;233;360;1,000000000000000;7591,409456553730700;7591,409456553730700
1552;Location 238 - Location 217;238;291;1,000000000000000;3203,597069774620600;3203,597069774620600
1553;Location 238 - Location 232;238;306;1,000000000000000;1507,665961779706300;1507,665961779706300
1554;Location 238 - Location 238;238;312;1,000000000000000;0,000000000000000;0,000000000000000
1555;Location 238 - Location 267;238;341;1,000000000000000;8346,266091133416900;8346,266091133416900
1556;Location 238 - Location 278;238;352;1,000000000000000;6138,160329383801600;6138,160329383801600
1557;Location 245 - Location 199;245;273;1,000000000000000;7294,493694530500800;7294,493694530500800
1558;Location 245 - Location 210;245;284;1,000000000000000;3653,818262826419900;3653,818262826419900
1559;Location 245 - Location 229;245;303;1,000000000000000;2409,945909495494600;2409,945909495494600
1560;Location 245 - Location 239;245;313;1,000000000000000;911,263558416181920;911,263558416181920
1561;Location 245 - Location 245;245;319;1,000000000000000;0,000000000000000;0,000000000000000
1562;Location 245 - Location 248;245;322;1,000000000000000;999,907223590016880;999,907223590016880
1563;Location 245 - Location 258;245;332;1,000000000000000;2125,726084461527100;2125,726084461527100
1564;Location 245 - Location 291;245;365;1,000000000000000;6769,726664184474400;6769,726664184474400
1565;Location 245 - Location 299;245;373;1,000000000000000;8485,158145193325300;8485,158145193325300
1566;Location 249 - Location 234;249;308;1,000000000000000;5618,488545009401600;5618,488545009401600
1567;Location 249 - Location 237;249;311;1,000000000000000;3495,128391629293200;3495,128391629293200
1568;Location 249 - Location 246;249;320;1,000000000000000;5899,911833014066400;5899,911833014066400
1569;Location 249 - Location 249;249;323;1,000000000000000;0,000000000000000;0,000000000000000
1570;Location 249 - Location 262;249;336;1,000000000000000;3653,184919942818900;3653,184919942818900
1571;Location 250 - Location 241;250;315;1,000000000000000;9291,880852891250500;9291,880852891250500
1572;Location 250 - Location 250;250;324;1,000000000000000;0,000000000000000;0,000000000000000
1573;Location 250 - Location 261;250;335;1,000000000000000;1363,558223060855200;1363,558223060855200
1574;Location 250 - Location 275;250;349;1,000000000000000;4478,924637480666200;4478,924637480666200
1575;Location 250 - Location 276;250;350;1,000000000000000;4428,809922937514800;4428,809922937514800
1576;Location 250 - Location 277;250;351;1,000000000000000;4325,985239278683400;4325,985239278683400
1577;Location 255 - Location 214;255;288;1,000000000000000;6108,223503547520500;6108,223503547520500
1578;Location 255 - Location 235;255;309;1,000000000000000;2862,524104342997800;2862,524104342997800
1579;Location 255 - Location 255;255;329;1,000000000000000;0,000000000000000;0,000000000000000
1580;Location 255 - Location 265;255;339;1,000000000000000;5802,500969571097800;5802,500969571097800
1581;Location 255 - Location 287;255;361;1,000000000000000;5484,435036428087200;5484,435036428087200
1582;Location 255 - Location 298;255;372;1,000000000000000;7832,110959817017800;7832,110959817017800
1583;Location 270 - Location 243;270;317;1,000000000000000;9349,498751162822400;9349,498751162822400
1584;Location 270 - Location 257;270;331;1,000000000000000;5531,980540247164800;5531,980540247164800
1585;Location 270 - Location 260;270;334;1,000000000000000;6074,089924375901300;6074,089924375901300
1586;Location 270 - Location 264;270;338;1,000000000000000;4298,059291203782800;4298,059291203782800
1587;Location 270 - Location 270;270;344;1,000000000000000;0,000000000000000;0,000000000000000
1588;Location 270 - Location 272;270;346;1,000000000000000;4332,862310625425400;4332,862310625425400
1589;Location 270 - Location 273;270;347;1,000000000000000;4404,558510325276100;4404,558510325276100
1590;Location 270 - Location 294;270;368;1,000000000000000;4488,424383988885900;4488,424383988885900
1591;Location 270 - Location 295;270;369;1,000000000000000;3606,586005908526200;3606,586005908526200
1592;Location 270 - Location 297;270;371;1,000000000000000;3985,419353855134400;3985,419353855134400
1593;Location 271 - Location 244;271;318;1,000000000000000;5616,570379567207100;5616,570379567207100
1594;Location 271 - Location 252;271;326;1,000000000000000;9798,937712758337500;9798,937712758337500
1595;Location 271 - Location 256;271;330;1,000000000000000;2936,929031990461700;2936,929031990461700
1596;Location 271 - Location 271;271;345;1,000000000000000;0,000000000000000;0,000000000000000
1597;Location 271 - Location 281;271;355;1,000000000000000;5386,331738499208800;5386,331738499208800
1598;Location 271 - Location 538;271;612;1,000000000000000;2799,578961630112200;2799,578961630112200
1599;Location 271 - Location 539;271;613;1,000000000000000;7522,180830918285200;7522,180830918285200
1600;Location 279 - Location 251;279;325;1,000000000000000;7299,842538154466600;7299,842538154466600
1601;Location 279 - Location 254;279;328;1,000000000000000;6191,148529477170100;6191,148529477170100
1602;Location 279 - Location 259;279;333;1,000000000000000;2739,359513043649700;2739,359513043649700
1603;Location 279 - Location 263;279;337;1,000000000000000;5471,680831625461000;5471,680831625461000
1604;Location 279 - Location 266;279;340;1,000000000000000;1641,727117357925600;1641,727117357925600
1605;Location 279 - Location 279;279;353;1,000000000000000;0,000000000000000;0,000000000000000
1606;Location 302 - Location 302;302;376;1,000000000000000;0,000000000000000;0,000000000000000
1607;Location 306 - Location 293;306;367;1,000000000000000;2246,623884167245300;2246,623884167245300
1608;Location 306 - Location 301;306;375;1,000000000000000;667,707336798179990;667,707336798179990
1609;Location 306 - Location 306;306;380;1,000000000000000;0,000000000000000;0,000000000000000
1610;Location 306 - Location 313;306;387;1,000000000000000;947,218050348466250;947,218050348466250
1611;Location 306 - Location 349;306;423;1,000000000000000;7610,457281498699600;7610,457281498699600
1612;Location 306 - Location 366;306;440;1,000000000000000;9846,007298647506100;9846,007298647506100
1613;Location 308 - Location 269;308;343;1,000000000000000;4958,906316075302100;4958,906316075302100
1614;Location 308 - Location 282;308;356;1,000000000000000;7446,552612114000100;7446,552612114000100
1615;Location 308 - Location 283;308;357;1,000000000000000;5168,858483537570500;5168,858483537570500
1616;Location 308 - Location 284;308;358;1,000000000000000;5076,076945057258900;5076,076945057258900
1617;Location 308 - Location 292;308;366;1,000000000000000;1844,069558251575900;1844,069558251575900
1618;Location 308 - Location 304;308;378;1,000000000000000;1325,669650913009700;1325,669650913009700
1619;Location 308 - Location 307;308;381;1,000000000000000;1411,560816771496300;1411,560816771496300
1620;Location 308 - Location 308;308;382;1,000000000000000;0,000000000000000;0,000000000000000
1621;Location 308 - Location 309;308;383;1,000000000000000;4172,156838188360800;4172,156838188360800
1622;Location 308 - Location 322;308;396;1,000000000000000;5204,900506746969800;5204,900506746969800
1623;Location 308 - Location 326;308;400;1,000000000000000;2936,001513100730300;2936,001513100730300
1624;Location 308 - Location 331;308;405;1,000000000000000;3933,201261782438900;3933,201261782438900
1625;Location 308 - Location 333;308;407;1,000000000000000;4416,817447847149200;4416,817447847149200
1626;Location 312 - Location 312;312;386;1,000000000000000;0,000000000000000;0,000000000000000
1627;Location 314 - Location 296;314;370;1,000000000000000;2811,344844166222200;2811,344844166222200
1628;Location 314 - Location 300;314;374;1,000000000000000;3036,842309212543600;3036,842309212543600
1629;Location 314 - Location 314;314;388;1,000000000000000;0,000000000000000;0,000000000000000
1630;Location 314 - Location 318;314;392;1,000000000000000;4034,190792741047500;4034,190792741047500
1631;Location 314 - Location 329;314;403;1,000000000000000;6189,512633218279000;6189,512633218279000
1632;Location 316 - Location 316;316;390;1,000000000000000;0,000000000000000;0,000000000000000
1633;Location 316 - Location 317;316;391;1,000000000000000;2583,399159813507100;2583,399159813507100
1634;Location 316 - Location 330;316;404;1,000000000000000;6381,592638508774100;6381,592638508774100
1635;Location 319 - Location 285;319;359;1,000000000000000;7093,468115884439600;7093,468115884439600
1636;Location 319 - Location 289;319;363;1,000000000000000;8052,675581413302100;8052,675581413302100
1637;Location 319 - Location 311;319;385;1,000000000000000;1369,491398035351900;1369,491398035351900
1638;Location 319 - Location 319;319;393;1,000000000000000;0,000000000000000;0,000000000000000
1639;Location 319 - Location 339;319;413;1,000000000000000;7236,032591672104900;7236,032591672104900
1640;Location 320 - Location 288;320;362;1,000000000000000;9398,570341872560700;9398,570341872560700
1641;Location 320 - Location 303;320;377;1,000000000000000;6353,768979549820900;6353,768979549820900
1642;Location 320 - Location 315;320;389;1,000000000000000;4245,362704625566000;4245,362704625566000
1643;Location 320 - Location 320;320;394;1,000000000000000;0,000000000000000;0,000000000000000
1644;Location 320 - Location 323;320;397;1,000000000000000;2530,252792029817100;2530,252792029817100
1645;Location 320 - Location 324;320;398;1,000000000000000;7240,489850950530100;7240,489850950530100
1646;Location 320 - Location 325;320;399;1,000000000000000;4376,600255209288700;4376,600255209288700
1647;Location 320 - Location 335;320;409;1,000000000000000;6795,066836077376100;6795,066836077376100
1648;Location 321 - Location 290;321;364;1,000000000000000;6015,484771808333800;6015,484771808333800
1649;Location 321 - Location 321;321;395;1,000000000000000;0,000000000000000;0,000000000000000
1650;Location 336 - Location 334;336;408;1,000000000000000;117,893990388592140;117,893990388592140
1651;Location 336 - Location 336;336;410;1,000000000000000;0,000000000000000;0,000000000000000
1652;Location 338 - Location 338;338;412;1,000000000000000;0,000000000000000;0,000000000000000
1653;Location 338 - Location 340;338;414;1,000000000000000;2134,819125451520900;2134,819125451520900
1654;Location 338 - Location 341;338;415;1,000000000000000;5482,101391672060300;5482,101391672060300
1655;Location 338 - Location 359;338;433;1,000000000000000;8590,973790220185000;8590,973790220185000
1656;Location 352 - Location 328;352;402;1,000000000000000;5142,303038001313300;5142,303038001313300
1657;Location 352 - Location 332;352;406;1,000000000000000;3036,289444222116800;3036,289444222116800
1658;Location 352 - Location 343;352;417;1,000000000000000;1503,456766697585400;1503,456766697585400
1659;Location 352 - Location 348;352;422;1,000000000000000;3608,186715361564900;3608,186715361564900
1660;Location 352 - Location 350;352;424;1,000000000000000;2602,199923398303800;2602,199923398303800
1661;Location 352 - Location 352;352;426;1,000000000000000;0,000000000000000;0,000000000000000
1662;Location 352 - Location 360;352;434;1,000000000000000;5059,226588644576600;5059,226588644576600
1663;Location 352 - Location 377;352;451;1,000000000000000;5199,005014260255800;5199,005014260255800
1664;Location 361 - Location 355;361;429;1,000000000000000;8603,908837286961000;8603,908837286961000
1665;Location 361 - Location 361;361;435;1,000000000000000;0,000000000000000;0,000000000000000
1666;Location 361 - Location 525;361;599;1,000000000000000;6288,751091649074600;6288,751091649074600
1667;Location 362 - Location 342;362;416;1,000000000000000;3573,400978954031900;3573,400978954031900
1668;Location 362 - Location 347;362;421;1,000000000000000;1530,340011805201800;1530,340011805201800
1669;Location 362 - Location 358;362;432;1,000000000000000;440,196106784000340;440,196106784000340
1670;Location 362 - Location 362;362;436;1,000000000000000;0,000000000000000;0,000000000000000
1671;Location 362 - Location 367;362;441;1,000000000000000;1558,409294066212400;1558,409294066212400
1672;Location 362 - Location 394;362;468;1,000000000000000;9940,803990341346400;9940,803990341346400
1673;Location 363 - Location 305;363;379;1,000000000000000;9777,588301984256800;9777,588301984256800
1674;Location 363 - Location 310;363;384;1,000000000000000;9123,470203650498700;9123,470203650498700
1675;Location 363 - Location 327;363;401;1,000000000000000;6481,375722155605200;6481,375722155605200
1676;Location 363 - Location 337;363;411;1,000000000000000;4539,614110257208300;4539,614110257208300
1677;Location 363 - Location 344;363;418;1,000000000000000;2894,990072813868200;2894,990072813868200
1678;Location 363 - Location 353;363;427;1,000000000000000;1635,937117485165800;1635,937117485165800
1679;Location 363 - Location 356;363;430;1,000000000000000;2406,957125616096200;2406,957125616096200
1680;Location 363 - Location 363;363;437;1,000000000000000;0,000000000000000;0,000000000000000
1681;Location 363 - Location 364;363;438;1,000000000000000;32,635887380654779;32,635887380654779
1682;Location 363 - Location 369;363;443;1,000000000000000;680,516040215556130;680,516040215556130
1683;Location 363 - Location 372;363;446;1,000000000000000;1696,512897861530100;1696,512897861530100
1684;Location 363 - Location 378;363;452;1,000000000000000;3799,331648885209200;3799,331648885209200
1685;Location 363 - Location 385;363;459;1,000000000000000;6938,477911132607900;6938,477911132607900
1686;Location 365 - Location 365;365;439;1,000000000000000;0,000000000000000;0,000000000000000
1687;Location 365 - Location 368;365;442;1,000000000000000;3255,928185874138800;3255,928185874138800
1688;Location 365 - Location 379;365;453;1,000000000000000;4733,501696868643200;4733,501696868643200
1689;Location 370 - Location 345;370;419;1,000000000000000;5428,895589633739300;5428,895589633739300
1690;Location 370 - Location 346;370;420;1,000000000000000;5025,909997645128900;5025,909997645128900
1691;Location 370 - Location 351;370;425;1,000000000000000;4393,308153781718800;4393,308153781718800
1692;Location 370 - Location 357;370;431;1,000000000000000;7819,498498293940400;7819,498498293940400
1693;Location 370 - Location 370;370;444;1,000000000000000;0,000000000000000;0,000000000000000
1694;Location 370 - Location 371;370;445;1,000000000000000;248,253620910859240;248,253620910859240
1695;Location 370 - Location 376;370;450;1,000000000000000;2394,337766658756200;2394,337766658756200
1696;Location 388 - Location 354;388;428;1,000000000000000;8594,557963353152400;8594,557963353152400
1697;Location 388 - Location 373;388;447;1,000000000000000;6217,639025692788000;6217,639025692788000
1698;Location 388 - Location 388;388;462;1,000000000000000;0,000000000000000;0,000000000000000
1699;Location 388 - Location 390;388;464;1,000000000000000;3915,746701784981300;3915,746701784981300
1700;Location 388 - Location 392;388;466;1,000000000000000;5580,750017495591200;5580,750017495591200
1701;Location 388 - Location 411;388;485;1,000000000000000;7761,307018534433200;7761,307018534433200
1702;Location 393 - Location 393;393;467;1,000000000000000;0,000000000000000;0,000000000000000
1703;Location 393 - Location 409;393;483;1,000000000000000;3095,402470058423200;3095,402470058423200
1704;Location 395 - Location 384;395;458;1,000000000000000;9455,532501821573500;9455,532501821573500
1705;Location 395 - Location 395;395;469;1,000000000000000;0,000000000000000;0,000000000000000
1706;Location 395 - Location 397;395;471;1,000000000000000;1711,177998874983600;1711,177998874983600
1707;Location 395 - Location 404;395;478;1,000000000000000;6470,261472448157300;6470,261472448157300
1708;Location 395 - Location 405;395;479;1,000000000000000;4290,736413381982900;4290,736413381982900
1709;Location 395 - Location 408;395;482;1,000000000000000;7568,734226523024500;7568,734226523024500
1710;Location 395 - Location 417;395;491;1,000000000000000;7197,593881482029200;7197,593881482029200
1711;Location 395 - Location 421;395;495;1,000000000000000;6345,689433609608400;6345,689433609608400
1712;Location 398 - Location 374;398;448;1,000000000000000;6213,589304494550600;6213,589304494550600
1713;Location 398 - Location 382;398;456;1,000000000000000;5758,418531166873400;5758,418531166873400
1714;Location 398 - Location 383;398;457;1,000000000000000;5272,843588332265400;5272,843588332265400
1715;Location 398 - Location 386;398;460;1,000000000000000;9094,455895847799200;9094,455895847799200
1716;Location 398 - Location 387;398;461;1,000000000000000;9496,012956206883200;9496,012956206883200
1717;Location 398 - Location 389;398;463;1,000000000000000;5203,318923216736900;5203,318923216736900
1718;Location 398 - Location 391;398;465;1,000000000000000;3454,102414545568100;3454,102414545568100
1719;Location 398 - Location 398;398;472;1,000000000000000;0,000000000000000;0,000000000000000
1720;Location 398 - Location 399;398;473;1,000000000000000;2057,202952918875300;2057,202952918875300
1721;Location 398 - Location 402;398;476;1,000000000000000;6095,145752193682700;6095,145752193682700
1722;Location 398 - Location 403;398;477;1,000000000000000;8360,769581694035900;8360,769581694035900
1723;Location 398 - Location 412;398;486;1,000000000000000;4097,712602184046800;4097,712602184046800
1724;Location 398 - Location 423;398;497;1,000000000000000;6496,734804914727600;6496,734804914727600
1725;Location 400 - Location 375;400;449;1,000000000000000;8887,901526914971300;8887,901526914971300
1726;Location 400 - Location 380;400;454;1,000000000000000;9925,383186805331200;9925,383186805331200
1727;Location 400 - Location 381;400;455;1,000000000000000;8061,897191463198400;8061,897191463198400
1728;Location 400 - Location 396;400;470;1,000000000000000;6740,109976529169200;6740,109976529169200
1729;Location 400 - Location 400;400;474;1,000000000000000;0,000000000000000;0,000000000000000
1730;Location 400 - Location 401;400;475;1,000000000000000;5249,164791549601400;5249,164791549601400
1731;Location 400 - Location 406;400;480;1,000000000000000;6825,269438243349200;6825,269438243349200
1732;Location 400 - Location 407;400;481;1,000000000000000;1745,753481227362500;1745,753481227362500
1733;Location 400 - Location 410;400;484;1,000000000000000;1763,208673685133800;1763,208673685133800
1734;Location 400 - Location 413;400;487;1,000000000000000;5764,688204573933900;5764,688204573933900
1735;Location 400 - Location 416;400;490;1,000000000000000;2911,711814927655300;2911,711814927655300
1736;Location 400 - Location 419;400;493;1,000000000000000;3826,015838626097300;3826,015838626097300
1737;Location 400 - Location 420;400;494;1,000000000000000;4874,241194641059300;4874,241194641059300
1738;Location 414 - Location 414;414;488;1,000000000000000;0,000000000000000;0,000000000000000
1739;Location 414 - Location 418;414;492;1,000000000000000;5598,914127178084500;5598,914127178084500
1740;Location 414 - Location 424;414;498;1,000000000000000;6287,862239620413700;6287,862239620413700
1741;Location 414 - Location 428;414;502;1,000000000000000;8546,973646769705700;8546,973646769705700
1742;Location 414 - Location 433;414;507;1,000000000000000;9191,008483899331600;9191,008483899331600
1743;Location 414 - Location 561;414;635;1,000000000000000;5640,783161553123100;5640,783161553123100
1744;Location 422 - Location 422;422;496;1,000000000000000;0,000000000000000;0,000000000000000
1745;Location 435 - Location 415;435;489;1,000000000000000;4628,887376856818300;4628,887376856818300
1746;Location 435 - Location 425;435;499;1,000000000000000;2239,619663122609800;2239,619663122609800
1747;Location 435 - Location 426;435;500;1,000000000000000;3591,417665642644400;3591,417665642644400
1748;Location 435 - Location 434;435;508;1,000000000000000;2356,380738412344700;2356,380738412344700
1749;Location 435 - Location 435;435;509;1,000000000000000;0,000000000000000;0,000000000000000
1750;Location 435 - Location 447;435;521;1,000000000000000;5120,670494942586600;5120,670494942586600
1751;Location 439 - Location 430;439;504;1,000000000000000;4698,651728836158300;4698,651728836158300
1752;Location 439 - Location 439;439;513;1,000000000000000;0,000000000000000;0,000000000000000
1753;Location 439 - Location 441;439;515;1,000000000000000;7737,862872718000300;7737,862872718000300
1754;Location 439 - Location 442;439;516;1,000000000000000;8722,509089533339600;8722,509089533339600
1755;Location 439 - Location 443;439;517;1,000000000000000;8966,660095464412700;8966,660095464412700
1756;Location 439 - Location 446;439;520;1,000000000000000;7542,774267398888700;7542,774267398888700
1757;Location 439 - Location 448;439;522;1,000000000000000;2326,892070444643700;2326,892070444643700
1758;Location 439 - Location 450;439;524;1,000000000000000;6305,978511937560100;6305,978511937560100
1759;Location 439 - Location 452;439;526;1,000000000000000;4518,168298259151900;4518,168298259151900
1760;Location 439 - Location 454;439;528;1,000000000000000;4674,257524410547400;4674,257524410547400
1761;Location 440 - Location 427;440;501;1,000000000000000;5968,640348336744900;5968,640348336744900
1762;Location 440 - Location 429;440;503;1,000000000000000;4511,615149299384900;4511,615149299384900
1763;Location 440 - Location 431;440;505;1,000000000000000;2820,012481339210400;2820,012481339210400
1764;Location 440 - Location 436;440;510;1,000000000000000;3785,883500626152000;3785,883500626152000
1765;Location 440 - Location 437;440;511;1,000000000000000;1878,761767647174600;1878,761767647174600
1766;Location 440 - Location 438;440;512;1,000000000000000;8303,913436125740200;8303,913436125740200
1767;Location 440 - Location 440;440;514;1,000000000000000;0,000000000000000;0,000000000000000
1768;Location 440 - Location 445;440;519;1,000000000000000;2177,637327783958400;2177,637327783958400
1769;Location 440 - Location 449;440;523;1,000000000000000;6768,623337854223800;6768,623337854223800
1770;Location 444 - Location 444;444;518;1,000000000000000;0,000000000000000;0,000000000000000
1771;Location 453 - Location 432;453;506;1,000000000000000;5199,876723642963000;5199,876723642963000
1772;Location 453 - Location 453;453;527;1,000000000000000;0,000000000000000;0,000000000000000
1773;Location 455 - Location 455;455;529;1,000000000000000;0,000000000000000;0,000000000000000
1774;Location 455 - Location 456;455;530;1,000000000000000;0,000000000000000;0,000000000000000
1775;Location 457 - Location 451;457;525;1,000000000000000;2611,752740494886900;2611,752740494886900
1776;Location 457 - Location 457;457;531;1,000000000000000;0,000000000000000;0,000000000000000
1777;Location 459 - Location 459;459;533;1,000000000000000;0,000000000000000;0,000000000000000
1778;Location 460 - Location 458;460;532;1,000000000000000;1427,007140992940300;1427,007140992940300
1779;Location 460 - Location 460;460;534;1,000000000000000;0,000000000000000;0,000000000000000
1780;Location 462 - Location 462;462;536;1,000000000000000;0,000000000000000;0,000000000000000
1781;Location 464 - Location 464;464;538;1,000000000000000;0,000000000000000;0,000000000000000
1782;Location 465 - Location 465;465;539;1,000000000000000;0,000000000000000;0,000000000000000
1783;Location 465 - Location 570;465;644;1,000000000000000;6885,712797250310400;6885,712797250310400
1784;Location 469 - Location 469;469;543;1,000000000000000;0,000000000000000;0,000000000000000
1785;Location 471 - Location 467;471;541;1,000000000000000;9505,630904238456400;9505,630904238456400
1786;Location 471 - Location 470;471;544;1,000000000000000;6295,089359452387700;6295,089359452387700
1787;Location 471 - Location 471;471;545;1,000000000000000;0,000000000000000;0,000000000000000
1788;Location 471 - Location 480;471;554;1,000000000000000;8492,227986960173400;8492,227986960173400
1789;Location 472 - Location 468;472;542;1,000000000000000;580,142371072028710;580,142371072028710
1790;Location 472 - Location 472;472;546;1,000000000000000;0,000000000000000;0,000000000000000
1791;Location 472 - Location 567;472;641;1,000000000000000;4016,031665287637200;4016,031665287637200
1792;Location 473 - Location 473;473;547;1,000000000000000;0,000000000000000;0,000000000000000
1793;Location 474 - Location 474;474;548;1,000000000000000;0,000000000000000;0,000000000000000
1794;Location 474 - Location 484;474;558;1,000000000000000;4509,247704491143800;4509,247704491143800
1795;Location 474 - Location 486;474;560;1,000000000000000;9632,304635683915000;9632,304635683915000
1796;Location 474 - Location 489;474;563;1,000000000000000;5191,885644146411300;5191,885644146411300
1797;Location 474 - Location 490;474;564;1,000000000000000;8399,209726118215300;8399,209726118215300
1798;Location 474 - Location 495;474;569;1,000000000000000;5180,237060071684000;5180,237060071684000
1799;Location 474 - Location 499;474;573;1,000000000000000;9046,429264499518500;9046,429264499518500
1800;Location 474 - Location 510;474;584;1,000000000000000;966,142265248304970;966,142265248304970
1801;Location 474 - Location 516;474;590;1,000000000000000;6502,008582040590200;6502,008582040590200
1802;Location 475 - Location 475;475;549;1,000000000000000;0,000000000000000;0,000000000000000
1803;Location 476 - Location 476;476;550;1,000000000000000;0,000000000000000;0,000000000000000
1804;Location 477 - Location 463;477;537;1,000000000000000;5800,750353127306900;5800,750353127306900
1805;Location 477 - Location 477;477;551;1,000000000000000;0,000000000000000;0,000000000000000
1806;Location 477 - Location 494;477;568;1,000000000000000;9996,760142686867800;9996,760142686867800
1807;Location 477 - Location 540;477;614;1,000000000000000;8670,531048181859700;8670,531048181859700
1808;Location 488 - Location 481;488;555;1,000000000000000;5859,441491634146600;5859,441491634146600
1809;Location 488 - Location 483;488;557;1,000000000000000;2955,215622266361600;2955,215622266361600
1810;Location 488 - Location 488;488;562;1,000000000000000;0,000000000000000;0,000000000000000
1811;Location 491 - Location 479;491;553;1,000000000000000;2090,332183145134900;2090,332183145134900
1812;Location 491 - Location 491;491;565;1,000000000000000;0,000000000000000;0,000000000000000
1813;Location 491 - Location 496;491;570;1,000000000000000;2521,407563087128000;2521,407563087128000
1814;Location 493 - Location 493;493;567;1,000000000000000;0,000000000000000;0,000000000000000
1815;Location 497 - Location 497;497;571;1,000000000000000;0,000000000000000;0,000000000000000
1816;Location 497 - Location 514;497;588;1,000000000000000;2671,524562231441500;2671,524562231441500
1817;Location 497 - Location 529;497;603;1,000000000000000;5109,296297127530100;5109,296297127530100
1818;Location 497 - Location 545;497;619;1,000000000000000;4857,103740793056200;4857,103740793056200
1819;Location 497 - Location 558;497;632;1,000000000000000;8679,469846308820700;8679,469846308820700
1820;Location 498 - Location 498;498;572;1,000000000000000;0,000000000000000;0,000000000000000
1821;Location 498 - Location 555;498;629;1,000000000000000;4639,619850836036700;4639,619850836036700
1822;Location 500 - Location 500;500;574;1,000000000000000;0,000000000000000;0,000000000000000
1823;Location 501 - Location 501;501;575;1,000000000000000;0,000000000000000;0,000000000000000
1824;Location 502 - Location 502;502;576;1,000000000000000;0,000000000000000;0,000000000000000
1825;Location 502 - Location 506;502;580;1,000000000000000;7818,212106455163800;7818,212106455163800
1826;Location 503 - Location 482;503;556;1,000000000000000;308,208255043454070;308,208255043454070
1827;Location 503 - Location 492;503;566;1,000000000000000;8312,473517205156900;8312,473517205156900
1828;Location 503 - Location 503;503;577;1,000000000000000;0,000000000000000;0,000000000000000
1829;Location 503 - Location 511;503;585;1,000000000000000;2994,437158011531200;2994,437158011531200
1830;Location 504 - Location 504;504;578;1,000000000000000;0,000000000000000;0,000000000000000
1831;Location 505 - Location 478;505;552;1,000000000000000;2723,468486623988600;2723,468486623988600
1832;Location 505 - Location 485;505;559;1,000000000000000;3566,088867733397800;3566,088867733397800
1833;Location 505 - Location 505;505;579;1,000000000000000;0,000000000000000;0,000000000000000
1834;Location 505 - Location 553;505;627;1,000000000000000;9878,176184952015300;9878,176184952015300
1835;Location 507 - Location 487;507;561;1,000000000000000;6822,639962259079800;6822,639962259079800
1836;Location 507 - Location 507;507;581;1,000000000000000;0,000000000000000;0,000000000000000
1837;Location 507 - Location 512;507;586;1,000000000000000;8498,318655318020300;8498,318655318020300
1838;Location 508 - Location 508;508;582;1,000000000000000;0,000000000000000;0,000000000000000
1839;Location 515 - Location 509;515;583;1,000000000000000;6801,312765592674600;6801,312765592674600
1840;Location 515 - Location 515;515;589;1,000000000000000;0,000000000000000;0,000000000000000
1841;Location 515 - Location 522;515;596;1,000000000000000;2957,052596066723300;2957,052596066723300
1842;Location 515 - Location 552;515;626;1,000000000000000;5498,580288086399400;5498,580288086399400
1843;Location 515 - Location 559;515;633;1,000000000000000;2860,830240968658000;2860,830240968658000
1844;Location 517 - Location 517;517;591;1,000000000000000;0,000000000000000;0,000000000000000
1845;Location 519 - Location 519;519;593;1,000000000000000;0,000000000000000;0,000000000000000
1846;Location 521 - Location 521;521;595;1,000000000000000;0,000000000000000;0,000000000000000
1847;Location 521 - Location 524;521;598;1,000000000000000;5523,193175862694300;5523,193175862694300
1848;Location 521 - Location 526;521;600;1,000000000000000;1450,356514595559000;1450,356514595559000
1849;Location 521 - Location 532;521;606;1,000000000000000;6882,841459030373700;6882,841459030373700
1850;Location 527 - Location 527;527;601;1,000000000000000;0,000000000000000;0,000000000000000
1851;Location 530 - Location 530;530;604;1,000000000000000;0,000000000000000;0,000000000000000
1852;Location 531 - Location 531;531;605;1,000000000000000;0,000000000000000;0,000000000000000
1853;Location 535 - Location 535;535;609;1,000000000000000;0,000000000000000;0,000000000000000
1854;Location 536 - Location 536;536;610;1,000000000000000;0,000000000000000;0,000000000000000
1855;Location 537 - Location 537;537;611;1,000000000000000;0,000000000000000;0,000000000000000
1856;Location 537 - Location 549;537;623;1,000000000000000;6770,351617927434700;6770,351617927434700
1857;Location 537 - Location 562;537;636;1,000000000000000;5198,479821303810200;5198,479821303810200
1858;Location 541 - Location 513;541;587;1,000000000000000;6395,038893848641200;6395,038893848641200
1859;Location 541 - Location 541;541;615;1,000000000000000;0,000000000000000;0,000000000000000
1860;Location 541 - Location 547;541;621;1,000000000000000;6722,153223508269500;6722,153223508269500
1861;Location 542 - Location 542;542;616;1,000000000000000;0,000000000000000;0,000000000000000
1862;Location 546 - Location 543;546;617;1,000000000000000;3799,519642109716200;3799,519642109716200
1863;Location 546 - Location 546;546;620;1,000000000000000;0,000000000000000;0,000000000000000
1864;Location 548 - Location 548;548;622;1,000000000000000;0,000000000000000;0,000000000000000
1865;Location 550 - Location 550;550;624;1,000000000000000;0,000000000000000;0,000000000000000
1866;Location 551 - Location 551;551;625;1,000000000000000;0,000000000000000;0,000000000000000
1867;Location 556 - Location 556;556;630;1,000000000000000;0,000000000000000;0,000000000000000
1868;Location 557 - Location 557;557;631;1,000000000000000;0,000000000000000;0,000000000000000
1869;Location 560 - Location 560;560;634;1,000000000000000;0,000000000000000;0,000000000000000
1870;Location 563 - Location 563;563;637;1,000000000000000;0,000000000000000;0,000000000000000
1871;Location 564 - Location 528;564;602;1,000000000000000;2688,885437574836000;2688,885437574836000
1872;Location 564 - Location 544;564;618;1,000000000000000;3807,120956143714900;3807,120956143714900
1873;Location 564 - Location 554;564;628;1,000000000000000;2327,334612644308400;2327,334612644308400
1874;Location 564 - Location 564;564;638;1,000000000000000;0,000000000000000;0,000000000000000
1875;Location 565 - Location 461;565;535;1,000000000000000;9904,638691216368900;9904,638691216368900
1876;Location 565 - Location 565;565;639;1,000000000000000;0,000000000000000;0,000000000000000
1877;Location 566 - Location 566;566;640;1,000000000000000;0,000000000000000;0,000000000000000
1878;Location 568 - Location 520;568;594;1,000000000000000;8192,842782088613600;8192,842782088613600
1879;Location 568 - Location 523;568;597;1,000000000000000;8228,335005776847500;8228,335005776847500
1880;Location 568 - Location 534;568;608;1,000000000000000;6412,283451321638500;6412,283451321638500
1881;Location 568 - Location 568;568;642;1,000000000000000;0,000000000000000;0,000000000000000
1882;Location 569 - Location 466;569;540;1,000000000000000;779,703931674339290;779,703931674339290
1883;Location 569 - Location 569;569;643;1,000000000000000;0,000000000000000;0,000000000000000
1884;Location 569 - Location 572;569;646;1,000000000000000;5621,025502212703900;5621,025502212703900
1885;Location 571 - Location 571;571;645;1,000000000000000;0,000000000000000;0,000000000000000