ObjectID;Name;FacilityID;DemandID;Weight;TotalWeighted_Length;Total_Length
170;Location 2 - Location 1;2;75;1,000000000000000;22032,431379888902000;22032,431379888902000
171;Location 2 - Location 2;2;76;1,000000000000000;0,000000000000000;0,000000000000000
172;Location 2 - Location 50;2;124;1,000000000000000;31283,214657253280000;31283,214657253280000
173;Location 2 - Location 63;2;137;1,000000000000000;26150,708808475902000;26150,708808475902000
174;Location 2 - Location 64;2;138;1,000000000000000;24133,326048058279000;24133,326048058279000
175;Location 67 - Location 13;67;87;1,000000000000000;38093,561934941230000;38093,561934941230000
176;Location 67 - Location 16;67;90;1,000000000000000;32146,682124725754000;32146,682124725754000
177;Location 67 - Location 18;67;92;1,000000000000000;50534,619215072635000;50534,619215072635000
178;Location 67 - Location 19;67;93;1,000000000000000;38614,453932956072000;38614,453932956072000
179;Location 67 - Location 37;67;111;1,000000000000000;53326,705055622704000;53326,705055622704000
180;Location 67 - Location 54;67;128;1,000000000000000;33079,734292868772000;33079,734292868772000
181;Location 67 - Location 57;67;131;1,000000000000000;39647,539327843129000;39647,539327843129000
182;Location 67 - Location 58;67;132;1,000000000000000;33460,529242731725000;33460,529242731725000
183;Location 67 - Location 59;67;133;1,000000000000000;30607,081469640150000;30607,081469640150000
184;Location 67 - Location 65;67;139;1,000000000000000;23738,598670131552000;23738,598670131552000
185;Location 67 - Location 66;67;140;1,000000000000000;8426,190809518277100;8426,190809518277100
186;Location 67 - Location 67;67;141;1,000000000000000;0,000000000000000;0,000000000000000
187;Location 67 - Location 68;67;142;1,000000000000000;8440,387987588375800;8440,387987588375800
188;Location 67 - Location 69;67;143;1,000000000000000;16928,986652614843000;16928,986652614843000
189;Location 67 - Location 70;67;144;1,000000000000000;11016,671541795236000;11016,671541795236000
190;Location 67 - Location 71;67;145;1,000000000000000;16029,634559972152000;16029,634559972152000
191;Location 67 - Location 72;67;146;1,000000000000000;27471,891391945603000;27471,891391945603000
192;Location 67 - Location 73;67;147;1,000000000000000;18842,959088108848000;18842,959088108848000
193;Location 67 - Location 74;67;148;1,000000000000000;23700,676451290878000;23700,676451290878000
194;Location 67 - Location 75;67;149;1,000000000000000;17486,807994361730000;17486,807994361730000
195;Location 86 - Location 4;86;78;1,000000000000000;33996,851835206813000;33996,851835206813000
196;Location 86 - Location 22;86;96;1,000000000000000;48808,718201032490000;48808,718201032490000
197;Location 86 - Location 38;86;112;1,000000000000000;30437,058425873147000;30437,058425873147000
198;Location 86 - Location 39;86;113;1,000000000000000;24086,162335476642000;24086,162335476642000
199;Location 86 - Location 40;86;114;1,000000000000000;37022,989756032373000;37022,989756032373000
200;Location 86 - Location 41;86;115;1,000000000000000;24565,625611209376000;24565,625611209376000
201;Location 86 - Location 51;86;125;1,000000000000000;36997,413135538787000;36997,413135538787000
202;Location 86 - Location 52;86;126;1,000000000000000;45156,717657485016000;45156,717657485016000
203;Location 86 - Location 53;86;127;1,000000000000000;45693,396074946068000;45693,396074946068000
204;Location 86 - Location 76;86;150;1,000000000000000;1020,402098736434700;1020,402098736434700
205;Location 86 - Location 77;86;151;1,000000000000000;17240,867845179891000;17240,867845179891000
206;Location 86 - Location 78;86;152;1,000000000000000;20746,997804308648000;20746,997804308648000
207;Location 86 - Location 79;86;153;1,000000000000000;4823,037088476179600;4823,037088476179600
208;Location 86 - Location 80;86;154;1,000000000000000;21537,340325114827000;21537,340325114827000
209;Location 86 - Location 81;86;155;1,000000000000000;28682,820794476560000;28682,820794476560000
210;Location 86 - Location 82;86;156;1,000000000000000;20546,974281905153000;20546,974281905153000
211;Location 86 - Location 83;86;157;1,000000000000000;16409,470006769225000;16409,470006769225000
212;Location 86 - Location 84;86;158;1,000000000000000;38613,122240923214000;38613,122240923214000
213;Location 86 - Location 85;86;159;1,000000000000000;11293,007511592419000;11293,007511592419000
214;Location 86 - Location 86;86;160;1,000000000000000;0,000000000000000;0,000000000000000
215;Location 86 - Location 87;86;161;1,000000000000000;9526,303690026516100;9526,303690026516100
216;Location 86 - Location 88;86;162;1,000000000000000;27219,540852866739000;27219,540852866739000
217;Location 86 - Location 89;86;163;1,000000000000000;8085,494289928756200;8085,494289928756200
218;Location 86 - Location 90;86;164;1,000000000000000;13611,735457075074000;13611,735457075074000
219;Location 86 - Location 91;86;165;1,000000000000000;12408,707407197249000;12408,707407197249000
220;Location 86 - Location 92;86;166;1,000000000000000;3914,398724562157400;3914,398724562157400
221;Location 86 - Location 93;86;167;1,000000000000000;2908,869818206483600;2908,869818206483600
222;Location 105 - Location 3;105;77;1,000000000000000;31633,713466618821000;31633,713466618821000
223;Location 105 - Location 5;105;79;1,000000000000000;39917,184440422709000;39917,184440422709000
224;Location 105 - Location 6;105;80;1,000000000000000;30805,586793379687000;30805,586793379687000
225;Location 105 - Location 7;105;81;1,000000000000000;38345,664466965565000;38345,664466965565000
226;Location 105 - Location 8;105;82;1,000000000000000;31791,221559122725000;31791,221559122725000
227;Location 105 - Location 9;105;83;1,000000000000000;31470,848133739863000;31470,848133739863000
228;Location 105 - Location 10;105;84;1,000000000000000;28093,249469117218000;28093,249469117218000
229;Location 105 - Location 11;105;85;1,000000000000000;35040,209551263877000;35040,209551263877000
230;Location 105 - Location 12;105;86;1,000000000000000;40225,971305894804000;40225,971305894804000
231;Location 105 - Location 14;105;88;1,000000000000000;27925,968979568897000;27925,968979568897000
232;Location 105 - Location 15;105;89;1,000000000000000;32214,853884797874000;32214,853884797874000
233;Location 105 - Location 17;105;91;1,000000000000000;41516,806118585700000;41516,806118585700000
234;Location 105 - Location 20;105;94;1,000000000000000;40653,993588582322000;40653,993588582322000
235;Location 105 - Location 21;105;95;1,000000000000000;58222,734969466052000;58222,734969466052000
236;Location 105 - Location 23;105;97;1,000000000000000;46456,679116217150000;46456,679116217150000
237;Location 105 - Location 24;105;98;1,000000000000000;37840,826039834559000;37840,826039834559000
238;Location 105 - Location 25;105;99;1,000000000000000;25991,230991111395000;25991,230991111395000
239;Location 105 - Location 26;105;100;1,000000000000000;32697,000992998248000;32697,000992998248000
240;Location 105 - Location 27;105;101;1,000000000000000;25332,284638314344000;25332,284638314344000
241;Location 105 - Location 28;105;102;1,000000000000000;30031,388214552746000;30031,388214552746000
242;Location 105 - Location 29;105;103;1,000000000000000;49942,426029333117000;49942,426029333117000
243;Location 105 - Location 30;105;104;1,000000000000000;3132,257619991542900;3132,257619991542900
244;Location 105 - Location 31;105;105;1,000000000000000;34928,113729411692000;34928,113729411692000
245;Location 105 - Location 32;105;106;1,000000000000000;53465,586908078003000;53465,586908078003000
246;Location 105 - Location 33;105;107;1,000000000000000;56753,194875424582000;56753,194875424582000
247;Location 105 - Location 34;105;108;1,000000000000000;48305,671290009668000;48305,671290009668000
248;Location 105 - Location 35;105;109;1,000000000000000;55307,880199780207000;55307,880199780207000
249;Location 105 - Location 36;105;110;1,000000000000000;57255,201451512155000;57255,201451512155000
250;Location 105 - Location 42;105;116;1,000000000000000;50629,456484942093000;50629,456484942093000
251;Location 105 - Location 43;105;117;1,000000000000000;46956,438310650614000;46956,438310650614000
252;Location 105 - Location 44;105;118;1,000000000000000;57956,984239403318000;57956,984239403318000
253;Location 105 - Location 45;105;119;1,000000000000000;56262,794310750702000;56262,794310750702000
254;Location 105 - Location 48;105;122;1,000000000000000;41030,891942874383000;41030,891942874383000
255;Location 105 - Location 49;105;123;1,000000000000000;59507,772605053571000;59507,772605053571000
256;Location 105 - Location 55;105;129;1,000000000000000;48247,642503464442000;48247,642503464442000
257;Location 105 - Location 56;105;130;1,000000000000000;45238,164531429968000;45238,164531429968000
258;Location 105 - Location 60;105;134;1,000000000000000;46308,879395503420000;46308,879395503420000
259;Location 105 - Location 61;105;135;1,000000000000000;46672,305318145576000;46672,305318145576000
260;Location 105 - Location 62;105;136;1,000000000000000;39923,942520981233000;39923,942520981233000
261;Location 105 - Location 94;105;168;1,000000000000000;13969,028329403807000;13969,028329403807000
262;Location 105 - Location 95;105;169;1,000000000000000;33714,922008275847000;33714,922008275847000
263;Location 105 - Location 96;105;170;1,000000000000000;33253,185284059495000;33253,185284059495000
264;Location 105 - Location 97;105;171;1,000000000000000;17414,376204124270000;17414,376204124270000
265;Location 105 - Location 98;105;172;1,000000000000000;20252,817451724241000;20252,817451724241000
266;Location 105 - Location 99;105;173;1,000000000000000;4397,261713883008300;4397,261713883008300
267;Location 105 - Location 100;105;174;1,000000000000000;21890,564903711420000;21890,564903711420000
268;Location 105 - Location 101;105;175;1,000000000000000;18130,336335190375000;18130,336335190375000
269;Location 105 - Location 102;105;176;1,000000000000000;26264,915980811445000;26264,915980811445000
270;Location 105 - Location 103;105;177;1,000000000000000;8726,362528705629300;8726,362528705629300
271;Location 105 - Location 104;105;178;1,000000000000000;3447,667236070997700;3447,667236070997700
272;Location 105 - Location 105;105;179;1,000000000000000;0,000000000000000;0,000000000000000
273;Location 105 - Location 106;105;180;1,000000000000000;23248,461667485994000;23248,461667485994000
274;Location 132 - Location 109;132;183;1,000000000000000;50182,157275135680000;50182,157275135680000
275;Location 132 - Location 110;132;184;1,000000000000000;43841,534596248137000;43841,534596248137000
276;Location 132 - Location 112;132;186;1,000000000000000;56955,706719713424000;56955,706719713424000
277;Location 132 - Location 121;132;195;1,000000000000000;16096,828057581857000;16096,828057581857000
278;Location 132 - Location 122;132;196;1,000000000000000;6265,536584651161300;6265,536584651161300
279;Location 132 - Location 123;132;197;1,000000000000000;7114,795599547028400;7114,795599547028400
280;Location 132 - Location 126;132;200;1,000000000000000;17738,032502167971000;17738,032502167971000
281;Location 132 - Location 127;132;201;1,000000000000000;11911,282121647777000;11911,282121647777000
282;Location 132 - Location 129;132;203;1,000000000000000;14402,088922499350000;14402,088922499350000
283;Location 132 - Location 130;132;204;1,000000000000000;17302,240707508412000;17302,240707508412000
284;Location 132 - Location 131;132;205;1,000000000000000;3740,317486098952000;3740,317486098952000
285;Location 132 - Location 132;132;206;1,000000000000000;0,000000000000000;0,000000000000000
286;Location 132 - Location 134;132;208;1,000000000000000;12171,896650077661000;12171,896650077661000
287;Location 132 - Location 135;132;209;1,000000000000000;16462,077531349096000;16462,077531349096000
288;Location 132 - Location 136;132;210;1,000000000000000;51461,167868407341000;51461,167868407341000
289;Location 132 - Location 137;132;211;1,000000000000000;22273,229397827665000;22273,229397827665000
290;Location 132 - Location 138;132;212;1,000000000000000;11629,173794732067000;11629,173794732067000
291;Location 132 - Location 141;132;215;1,000000000000000;13618,025132982486000;13618,025132982486000
292;Location 132 - Location 142;132;216;1,000000000000000;14079,575051156951000;14079,575051156951000
293;Location 132 - Location 145;132;219;1,000000000000000;17790,322958524936000;17790,322958524936000
294;Location 132 - Location 146;132;220;1,000000000000000;15397,975834471277000;15397,975834471277000
295;Location 132 - Location 147;132;221;1,000000000000000;27563,223835682085000;27563,223835682085000
296;Location 132 - Location 151;132;225;1,000000000000000;29706,068620616727000;29706,068620616727000
297;Location 132 - Location 153;132;227;1,000000000000000;19858,220542081719000;19858,220542081719000
298;Location 132 - Location 160;132;234;1,000000000000000;29020,445657178541000;29020,445657178541000
299;Location 132 - Location 161;132;235;1,000000000000000;19797,534998749812000;19797,534998749812000
300;Location 132 - Location 163;132;237;1,000000000000000;25968,745518654363000;25968,745518654363000
301;Location 132 - Location 170;132;244;1,000000000000000;35495,876183580636000;35495,876183580636000
302;Location 132 - Location 175;132;249;1,000000000000000;26938,212100578094000;26938,212100578094000
303;Location 132 - Location 192;132;266;1,000000000000000;39098,816783545597000;39098,816783545597000
304;Location 132 - Location 207;132;281;1,000000000000000;39695,870781260848000;39695,870781260848000
305;Location 132 - Location 212;132;286;1,000000000000000;35121,361731210687000;35121,361731210687000
306;Location 132 - Location 220;132;294;1,000000000000000;35121,361731210687000;35121,361731210687000
307;Location 132 - Location 223;132;297;1,000000000000000;34730,226067463474000;34730,226067463474000
308;Location 132 - Location 230;132;304;1,000000000000000;37645,080011293692000;37645,080011293692000
309;Location 132 - Location 236;132;310;1,000000000000000;36121,228965087830000;36121,228965087830000
310;Location 133 - Location 107;133;181;1,000000000000000;35010,562097138492000;35010,562097138492000
311;Location 133 - Location 108;133;182;1,000000000000000;50620,299628896166000;50620,299628896166000
312;Location 133 - Location 111;133;185;1,000000000000000;46403,288587497242000;46403,288587497242000
313;Location 133 - Location 113;133;187;1,000000000000000;43821,289511811090000;43821,289511811090000
314;Location 133 - Location 114;133;188;1,000000000000000;49068,097155944735000;49068,097155944735000
315;Location 133 - Location 115;133;189;1,000000000000000;18579,013680386655000;18579,013680386655000
316;Location 133 - Location 116;133;190;1,000000000000000;40306,323862593927000;40306,323862593927000
317;Location 133 - Location 117;133;191;1,000000000000000;39759,305401666839000;39759,305401666839000
318;Location 133 - Location 118;133;192;1,000000000000000;19599,392328647362000;19599,392328647362000
319;Location 133 - Location 119;133;193;1,000000000000000;37279,726346722753000;37279,726346722753000
320;Location 133 - Location 125;133;199;1,000000000000000;39207,648367830348000;39207,648367830348000
321;Location 133 - Location 128;133;202;1,000000000000000;40873,544494847651000;40873,544494847651000
322;Location 133 - Location 133;133;207;1,000000000000000;0,000000000000000;0,000000000000000
323;Location 133 - Location 149;133;223;1,000000000000000;9845,047899911576700;9845,047899911576700
324;Location 133 - Location 155;133;229;1,000000000000000;13762,526760760440000;13762,526760760440000
325;Location 133 - Location 162;133;236;1,000000000000000;16445,572583821307000;16445,572583821307000
326;Location 133 - Location 164;133;238;1,000000000000000;17562,547935814873000;17562,547935814873000
327;Location 133 - Location 167;133;241;1,000000000000000;20974,892318949496000;20974,892318949496000
328;Location 133 - Location 169;133;243;1,000000000000000;20955,981222570128000;20955,981222570128000
329;Location 133 - Location 173;133;247;1,000000000000000;43465,470680316823000;43465,470680316823000
330;Location 133 - Location 174;133;248;1,000000000000000;43465,470680316823000;43465,470680316823000
331;Location 133 - Location 178;133;252;1,000000000000000;38381,907195048028000;38381,907195048028000
332;Location 133 - Location 179;133;253;1,000000000000000;21373,127111751703000;21373,127111751703000
333;Location 133 - Location 182;133;256;1,000000000000000;24055,199236331275000;24055,199236331275000
334;Location 133 - Location 183;133;257;1,000000000000000;25552,977320046521000;25552,977320046521000
335;Location 133 - Location 189;133;263;1,000000000000000;25194,072204782835000;25194,072204782835000
336;Location 133 - Location 190;133;264;1,000000000000000;23189,161443360459000;23189,161443360459000
337;Location 133 - Location 191;133;265;1,000000000000000;23826,838727578306000;23826,838727578306000
338;Location 133 - Location 193;133;267;1,000000000000000;40531,469276943295000;40531,469276943295000
339;Location 133 - Location 200;133;274;1,000000000000000;24306,081912489291000;24306,081912489291000
340;Location 133 - Location 202;133;276;1,000000000000000;25448,741780201715000;25448,741780201715000
341;Location 133 - Location 218;133;292;1,000000000000000;33081,806729842356000;33081,806729842356000
342;Location 133 - Location 221;133;295;1,000000000000000;35873,183893801826000;35873,183893801826000
343;Location 133 - Location 226;133;300;1,000000000000000;34445,276587425127000;34445,276587425127000
344;Location 133 - Location 233;133;307;1,000000000000000;33325,339898193502000;33325,339898193502000
345;Location 133 - Location 234;133;308;1,000000000000000;30611,486136658124000;30611,486136658124000
346;Location 133 - Location 237;133;311;1,000000000000000;34997,344941090894000;34997,344941090894000
347;Location 133 - Location 246;133;320;1,000000000000000;33077,936003569463000;33077,936003569463000
348;Location 152 - Location 152;152;226;1,000000000000000;0,000000000000000;0,000000000000000
349;Location 152 - Location 158;152;232;1,000000000000000;193,880685936627150;193,880685936627150
350;Location 231 - Location 120;231;194;1,000000000000000;49454,559347956550000;49454,559347956550000
351;Location 231 - Location 124;231;198;1,000000000000000;44151,119092109569000;44151,119092109569000
352;Location 231 - Location 143;231;217;1,000000000000000;18937,788371130631000;18937,788371130631000
353;Location 231 - Location 165;231;239;1,000000000000000;29263,311287044526000;29263,311287044526000
354;Location 231 - Location 186;231;260;1,000000000000000;5641,029024030900500;5641,029024030900500
355;Location 231 - Location 187;231;261;1,000000000000000;4893,573776600254900;4893,573776600254900
356;Location 231 - Location 194;231;268;1,000000000000000;5321,863026676280200;5321,863026676280200
357;Location 231 - Location 195;231;269;1,000000000000000;4816,492926428605600;4816,492926428605600
358;Location 231 - Location 196;231;270;1,000000000000000;4418,975909387813800;4418,975909387813800
359;Location 231 - Location 203;231;277;1,000000000000000;23940,681943361378000;23940,681943361378000
360;Location 231 - Location 206;231;280;1,000000000000000;40893,899861250437000;40893,899861250437000
361;Location 231 - Location 208;231;282;1,000000000000000;25643,737294597355000;25643,737294597355000
362;Location 231 - Location 209;231;283;1,000000000000000;35534,709178143479000;35534,709178143479000
363;Location 231 - Location 213;231;287;1,000000000000000;5321,863026676280200;5321,863026676280200
364;Location 231 - Location 215;231;289;1,000000000000000;34822,650853921761000;34822,650853921761000
365;Location 231 - Location 222;231;296;1,000000000000000;23613,794220331940000;23613,794220331940000
366;Location 231 - Location 224;231;298;1,000000000000000;3999,711528935015800;3999,711528935015800
367;Location 231 - Location 225;231;299;1,000000000000000;1838,722848476810200;1838,722848476810200
368;Location 231 - Location 227;231;301;1,000000000000000;2084,970372224976900;2084,970372224976900
369;Location 231 - Location 228;231;302;1,000000000000000;23031,073382817805000;23031,073382817805000
370;Location 231 - Location 231;231;305;1,000000000000000;0,000000000000000;0,000000000000000
371;Location 231 - Location 242;231;316;1,000000000000000;18244,751805046115000;18244,751805046115000
372;Location 231 - Location 244;231;318;1,000000000000000;7570,742969162152800;7570,742969162152800
373;Location 231 - Location 252;231;326;1,000000000000000;11753,110302353280000;11753,110302353280000
374;Location 231 - Location 256;231;330;1,000000000000000;9265,975096237847500;9265,975096237847500
375;Location 231 - Location 268;231;342;1,000000000000000;27196,898458134714000;27196,898458134714000
376;Location 231 - Location 269;231;343;1,000000000000000;20803,800272931810000;20803,800272931810000
377;Location 231 - Location 271;231;345;1,000000000000000;10257,970906356408000;10257,970906356408000
378;Location 231 - Location 281;231;355;1,000000000000000;14359,164517412279000;14359,164517412279000
379;Location 231 - Location 282;231;356;1,000000000000000;18316,153976893111000;18316,153976893111000
380;Location 231 - Location 283;231;357;1,000000000000000;20593,848105469540000;20593,848105469540000
381;Location 231 - Location 284;231;358;1,000000000000000;23442,380853446804000;23442,380853446804000
382;Location 231 - Location 292;231;366;1,000000000000000;22725,409303405570000;22725,409303405570000
383;Location 231 - Location 304;231;378;1,000000000000000;23508,398432997008000;23508,398432997008000
384;Location 231 - Location 307;231;381;1,000000000000000;22292,900561925489000;22292,900561925489000
385;Location 231 - Location 308;231;382;1,000000000000000;22182,728782083996000;22182,728782083996000
386;Location 231 - Location 309;231;383;1,000000000000000;26354,885620272358000;26354,885620272358000
387;Location 231 - Location 322;231;396;1,000000000000000;27387,629288830969000;27387,629288830969000
388;Location 231 - Location 326;231;400;1,000000000000000;25118,730295184727000;25118,730295184727000
389;Location 231 - Location 331;231;405;1,000000000000000;26115,930043866436000;26115,930043866436000
390;Location 231 - Location 333;231;407;1,000000000000000;26599,546229931148000;26599,546229931148000
391;Location 231 - Location 497;231;571;1,000000000000000;32451,378547206772000;32451,378547206772000
392;Location 231 - Location 509;231;583;1,000000000000000;25859,087820407269000;25859,087820407269000
393;Location 231 - Location 513;231;587;1,000000000000000;8251,740074844723500;8251,740074844723500
394;Location 231 - Location 514;231;588;1,000000000000000;35122,903109438215000;35122,903109438215000
395;Location 231 - Location 515;231;589;1,000000000000000;19057,775054814596000;19057,775054814596000
396;Location 231 - Location 518;231;592;1,000000000000000;34357,013248419513000;34357,013248419513000
397;Location 231 - Location 522;231;596;1,000000000000000;22014,827650881318000;22014,827650881318000
398;Location 231 - Location 525;231;599;1,000000000000000;25470,493686641257000;25470,493686641257000
399;Location 231 - Location 528;231;602;1,000000000000000;35581,488566390683000;35581,488566390683000
400;Location 231 - Location 530;231;604;1,000000000000000;20079,482051677387000;20079,482051677387000
401;Location 231 - Location 533;231;607;1,000000000000000;36449,482940191083000;36449,482940191083000
402;Location 231 - Location 536;231;610;1,000000000000000;25062,242911002260000;25062,242911002260000
403;Location 231 - Location 538;231;612;1,000000000000000;12127,843061846876000;12127,843061846876000
404;Location 231 - Location 539;231;613;1,000000000000000;17780,151737274693000;17780,151737274693000
405;Location 231 - Location 541;231;615;1,000000000000000;11973,024757075784000;11973,024757075784000
406;Location 231 - Location 544;231;618;1,000000000000000;32726,410673593549000;32726,410673593549000
407;Location 231 - Location 545;231;619;1,000000000000000;27594,274806413716000;27594,274806413716000
408;Location 231 - Location 547;231;621;1,000000000000000;18695,177980584056000;18695,177980584056000
409;Location 231 - Location 552;231;626;1,000000000000000;15707,829690319266000;15707,829690319266000
410;Location 231 - Location 554;231;628;1,000000000000000;34701,277203062091000;34701,277203062091000
411;Location 231 - Location 558;231;632;1,000000000000000;40307,517617004225000;40307,517617004225000
412;Location 231 - Location 559;231;633;1,000000000000000;16196,944813845937000;16196,944813845937000
413;Location 231 - Location 560;231;634;1,000000000000000;24045,590880857737000;24045,590880857737000
414;Location 231 - Location 564;231;638;1,000000000000000;34833,615775464605000;34833,615775464605000
415;Location 285 - Location 139;285;213;1,000000000000000;35147,219360454597000;35147,219360454597000
416;Location 285 - Location 140;285;214;1,000000000000000;34530,118619104185000;34530,118619104185000
417;Location 285 - Location 144;285;218;1,000000000000000;31104,358758498769000;31104,358758498769000
418;Location 285 - Location 148;285;222;1,000000000000000;28361,126553338785000;28361,126553338785000
419;Location 285 - Location 150;285;224;1,000000000000000;30938,213679084874000;30938,213679084874000
420;Location 285 - Location 154;285;228;1,000000000000000;39574,845395328855000;39574,845395328855000
421;Location 285 - Location 156;285;230;1,000000000000000;23273,586113463978000;23273,586113463978000
422;Location 285 - Location 157;285;231;1,000000000000000;23724,451704520201000;23724,451704520201000
423;Location 285 - Location 159;285;233;1,000000000000000;42328,281511394664000;42328,281511394664000
424;Location 285 - Location 166;285;240;1,000000000000000;29681,140779459187000;29681,140779459187000
425;Location 285 - Location 168;285;242;1,000000000000000;29548,554390832080000;29548,554390832080000
426;Location 285 - Location 171;285;245;1,000000000000000;18206,068682789264000;18206,068682789264000
427;Location 285 - Location 172;285;246;1,000000000000000;33293,460440474366000;33293,460440474366000
428;Location 285 - Location 176;285;250;1,000000000000000;27193,656345901203000;27193,656345901203000
429;Location 285 - Location 177;285;251;1,000000000000000;29675,894311027856000;29675,894311027856000
430;Location 285 - Location 180;285;254;1,000000000000000;30055,771349748884000;30055,771349748884000
431;Location 285 - Location 181;285;255;1,000000000000000;29431,091348106769000;29431,091348106769000
432;Location 285 - Location 184;285;258;1,000000000000000;13978,613948753951000;13978,613948753951000
433;Location 285 - Location 185;285;259;1,000000000000000;25232,423411583979000;25232,423411583979000
434;Location 285 - Location 188;285;262;1,000000000000000;24707,724586710534000;24707,724586710534000
435;Location 285 - Location 197;285;271;1,000000000000000;23621,725212880021000;23621,725212880021000
436;Location 285 - Location 198;285;272;1,000000000000000;18681,420123807413000;18681,420123807413000
437;Location 285 - Location 199;285;273;1,000000000000000;31372,425924921088000;31372,425924921088000
438;Location 285 - Location 201;285;275;1,000000000000000;22030,616009353507000;22030,616009353507000
439;Location 285 - Location 204;285;278;1,000000000000000;12033,689060049421000;12033,689060049421000
440;Location 285 - Location 205;285;279;1,000000000000000;12028,315154210728000;12028,315154210728000
441;Location 285 - Location 210;285;284;1,000000000000000;27731,750493217005000;27731,750493217005000
442;Location 285 - Location 211;285;285;1,000000000000000;10809,026294389510000;10809,026294389510000
443;Location 285 - Location 214;285;288;1,000000000000000;30879,887409859832000;30879,887409859832000
444;Location 285 - Location 216;285;290;1,000000000000000;34737,110691020047000;34737,110691020047000
445;Location 285 - Location 217;285;291;1,000000000000000;13404,828910897004000;13404,828910897004000
446;Location 285 - Location 219;285;293;1,000000000000000;37229,575545207073000;37229,575545207073000
447;Location 285 - Location 229;285;303;1,000000000000000;26487,878139886081000;26487,878139886081000
448;Location 285 - Location 232;285;306;1,000000000000000;12680,651225960217000;12680,651225960217000
449;Location 285 - Location 235;285;309;1,000000000000000;27634,188010655307000;27634,188010655307000
450;Location 285 - Location 238;285;312;1,000000000000000;11172,985264180510000;11172,985264180510000
451;Location 285 - Location 239;285;313;1,000000000000000;24989,195788806770000;24989,195788806770000
452;Location 285 - Location 241;285;315;1,000000000000000;11021,916268195710000;11021,916268195710000
453;Location 285 - Location 243;285;317;1,000000000000000;34082,343812050858000;34082,343812050858000
454;Location 285 - Location 245;285;319;1,000000000000000;24077,932230390586000;24077,932230390586000
455;Location 285 - Location 248;285;322;1,000000000000000;23078,025006800570000;23078,025006800570000
456;Location 285 - Location 250;285;324;1,000000000000000;15306,737422594870000;15306,737422594870000
457;Location 285 - Location 255;285;329;1,000000000000000;24771,663906312304000;24771,663906312304000
458;Location 285 - Location 257;285;331;1,000000000000000;35651,265107382496000;35651,265107382496000
459;Location 285 - Location 258;285;332;1,000000000000000;21952,206145929060000;21952,206145929060000
460;Location 285 - Location 260;285;334;1,000000000000000;30806,934985263935000;30806,934985263935000
461;Location 285 - Location 261;285;335;1,000000000000000;16670,295645655722000;16670,295645655722000
462;Location 285 - Location 264;285;338;1,000000000000000;34417,343858339118000;34417,343858339118000
463;Location 285 - Location 265;285;339;1,000000000000000;30574,164875883402000;30574,164875883402000
464;Location 285 - Location 267;285;341;1,000000000000000;2826,719173047093100;2826,719173047093100
465;Location 285 - Location 270;285;344;1,000000000000000;30119,284567135335000;30119,284567135335000
466;Location 285 - Location 275;285;349;1,000000000000000;19785,662060075534000;19785,662060075534000
467;Location 285 - Location 276;285;350;1,000000000000000;19735,547345532381000;19735,547345532381000
468;Location 285 - Location 277;285;351;1,000000000000000;19632,722661873551000;19632,722661873551000
469;Location 285 - Location 278;285;352;1,000000000000000;11144,645399496971000;11144,645399496971000
470;Location 285 - Location 285;285;359;1,000000000000000;0,000000000000000;0,000000000000000
471;Location 285 - Location 287;285;361;1,000000000000000;19287,228869884217000;19287,228869884217000
472;Location 285 - Location 288;285;362;1,000000000000000;29238,862110315607000;29238,862110315607000
473;Location 285 - Location 289;285;363;1,000000000000000;2436,940783218041400;2436,940783218041400
474;Location 285 - Location 291;285;365;1,000000000000000;17308,205566206114000;17308,205566206114000
475;Location 285 - Location 294;285;368;1,000000000000000;25630,860183146448000;25630,860183146448000
476;Location 285 - Location 295;285;369;1,000000000000000;26512,698561226807000;26512,698561226807000
477;Location 285 - Location 297;285;371;1,000000000000000;26133,865213280198000;26133,865213280198000
478;Location 285 - Location 298;285;372;1,000000000000000;16939,552946495285000;16939,552946495285000
479;Location 285 - Location 299;285;373;1,000000000000000;15592,774085197263000;15592,774085197263000
480;Location 285 - Location 303;285;377;1,000000000000000;26194,060747992866000;26194,060747992866000
481;Location 285 - Location 311;285;385;1,000000000000000;8462,959513919791800;8462,959513919791800
482;Location 285 - Location 315;285;389;1,000000000000000;15594,929063817483000;15594,929063817483000
483;Location 285 - Location 319;285;393;1,000000000000000;7093,468115884440500;7093,468115884440500
484;Location 285 - Location 320;285;394;1,000000000000000;19840,291768443047000;19840,291768443047000
485;Location 285 - Location 323;285;397;1,000000000000000;17310,038976413234000;17310,038976413234000
486;Location 285 - Location 325;285;399;1,000000000000000;15463,691513233760000;15463,691513233760000
487;Location 285 - Location 338;285;412;1,000000000000000;16219,095710129646000;16219,095710129646000
488;Location 285 - Location 339;285;413;1,000000000000000;11298,106723507877000;11298,106723507877000
489;Location 285 - Location 340;285;414;1,000000000000000;14084,276584678126000;14084,276584678126000
490;Location 285 - Location 341;285;415;1,000000000000000;21256,162891832020000;21256,162891832020000
491;Location 285 - Location 345;285;419;1,000000000000000;21985,798577801834000;21985,798577801834000
492;Location 285 - Location 351;285;425;1,000000000000000;23021,386013653853000;23021,386013653853000
493;Location 285 - Location 359;285;433;1,000000000000000;17150,444235691495000;17150,444235691495000
494;Location 285 - Location 365;285;439;1,000000000000000;21099,119013790594000;21099,119013790594000
495;Location 285 - Location 368;285;442;1,000000000000000;22591,629826454457000;22591,629826454457000
496;Location 285 - Location 379;285;453;1,000000000000000;25832,620710659241000;25832,620710659241000
497;Location 285 - Location 458;285;532;1,000000000000000;52522,890627846820000;52522,890627846820000
498;Location 285 - Location 460;285;534;1,000000000000000;53949,897768839757000;53949,897768839757000
499;Location 398 - Location 46;398;120;1,000000000000000;47637,724236706454000;47637,724236706454000
500;Location 398 - Location 47;398;121;1,000000000000000;46532,870671568475000;46532,870671568475000
501;Location 398 - Location 240;398;314;1,000000000000000;31363,450945855169000;31363,450945855169000
502;Location 398 - Location 272;398;346;1,000000000000000;34361,053005827103000;34361,053005827103000
503;Location 398 - Location 273;398;347;1,000000000000000;34289,356806127253000;34289,356806127253000
504;Location 398 - Location 302;398;376;1,000000000000000;20219,950999989724000;20219,950999989724000
505;Location 398 - Location 312;398;386;1,000000000000000;28892,854312581010000;28892,854312581010000
506;Location 398 - Location 316;398;390;1,000000000000000;25263,499525765623000;25263,499525765623000
507;Location 398 - Location 317;398;391;1,000000000000000;25440,511159052257000;25440,511159052257000
508;Location 398 - Location 330;398;404;1,000000000000000;23299,147754587993000;23299,147754587993000
509;Location 398 - Location 334;398;408;1,000000000000000;15943,894257695769000;15943,894257695769000
510;Location 398 - Location 336;398;410;1,000000000000000;15826,000267307176000;15826,000267307176000
511;Location 398 - Location 354;398;428;1,000000000000000;12915,316238271560000;12915,316238271560000
512;Location 398 - Location 373;398;447;1,000000000000000;8865,780576960083600;8865,780576960083600
513;Location 398 - Location 374;398;448;1,000000000000000;6213,589304494550600;6213,589304494550600
514;Location 398 - Location 382;398;456;1,000000000000000;5758,418531166873400;5758,418531166873400
515;Location 398 - Location 383;398;457;1,000000000000000;5272,843588332265400;5272,843588332265400
516;Location 398 - Location 384;398;458;1,000000000000000;12079,824150136144000;12079,824150136144000
517;Location 398 - Location 386;398;460;1,000000000000000;9094,455895847799200;9094,455895847799200
518;Location 398 - Location 387;398;461;1,000000000000000;9496,012956206883200;9496,012956206883200
519;Location 398 - Location 388;398;462;1,000000000000000;15083,419602652870000;15083,419602652870000
520;Location 398 - Location 389;398;463;1,000000000000000;5203,318923216736900;5203,318923216736900
521;Location 398 - Location 390;398;464;1,000000000000000;18574,139886523877000;18574,139886523877000
522;Location 398 - Location 391;398;465;1,000000000000000;3454,102414545568100;3454,102414545568100
523;Location 398 - Location 392;398;466;1,000000000000000;16074,976649168464000;16074,976649168464000
524;Location 398 - Location 395;398;469;1,000000000000000;21535,356651957718000;21535,356651957718000
525;Location 398 - Location 397;398;471;1,000000000000000;23246,534650832698000;23246,534650832698000
526;Location 398 - Location 398;398;472;1,000000000000000;0,000000000000000;0,000000000000000
527;Location 398 - Location 399;398;473;1,000000000000000;2057,202952918875300;2057,202952918875300
528;Location 398 - Location 402;398;476;1,000000000000000;6095,145752193682700;6095,145752193682700
529;Location 398 - Location 403;398;477;1,000000000000000;8360,769581694035900;8360,769581694035900
530;Location 398 - Location 404;398;478;1,000000000000000;20887,267778727230000;20887,267778727230000
531;Location 398 - Location 405;398;479;1,000000000000000;25826,093065339697000;25826,093065339697000
532;Location 398 - Location 408;398;482;1,000000000000000;21985,740532802098000;21985,740532802098000
533;Location 398 - Location 411;398;485;1,000000000000000;16193,609192577667000;16193,609192577667000
534;Location 398 - Location 412;398;486;1,000000000000000;4097,712602184046800;4097,712602184046800
535;Location 398 - Location 415;398;489;1,000000000000000;4751,284963328019300;4751,284963328019300
536;Location 398 - Location 417;398;491;1,000000000000000;24661,281962547386000;24661,281962547386000
537;Location 398 - Location 421;398;495;1,000000000000000;27881,046085567323000;27881,046085567323000
538;Location 398 - Location 423;398;497;1,000000000000000;6496,734804914727600;6496,734804914727600
539;Location 398 - Location 425;398;499;1,000000000000000;7140,552677062228200;7140,552677062228200
540;Location 398 - Location 426;398;500;1,000000000000000;12971,590005827482000;12971,590005827482000
541;Location 398 - Location 427;398;501;1,000000000000000;13840,540261947430000;13840,540261947430000
542;Location 398 - Location 429;398;503;1,000000000000000;17000,774702312454000;17000,774702312454000
543;Location 398 - Location 431;398;505;1,000000000000000;20313,354149510316000;20313,354149510316000
544;Location 398 - Location 432;398;506;1,000000000000000;30975,749103072922000;30975,749103072922000
545;Location 398 - Location 434;398;508;1,000000000000000;11736,553078597182000;11736,553078597182000
546;Location 398 - Location 435;398;509;1,000000000000000;9380,172340184837600;9380,172340184837600
547;Location 398 - Location 436;398;510;1,000000000000000;13707,458167544955000;13707,458167544955000
548;Location 398 - Location 437;398;511;1,000000000000000;19372,103435818281000;19372,103435818281000
549;Location 398 - Location 438;398;512;1,000000000000000;15493,753965021528000;15493,753965021528000
550;Location 398 - Location 440;398;514;1,000000000000000;17493,341668171106000;17493,341668171106000
551;Location 398 - Location 445;398;519;1,000000000000000;19670,978995955069000;19670,978995955069000
552;Location 398 - Location 447;398;521;1,000000000000000;14500,842835127427000;14500,842835127427000
553;Location 398 - Location 449;398;523;1,000000000000000;20350,966521984868000;20350,966521984868000
554;Location 398 - Location 453;398;527;1,000000000000000;36175,625826715885000;36175,625826715885000
555;Location 398 - Location 455;398;529;1,000000000000000;25154,874663426177000;25154,874663426177000
556;Location 398 - Location 456;398;530;1,000000000000000;25154,874663426177000;25154,874663426177000
557;Location 398 - Location 459;398;533;1,000000000000000;47098,895613277848000;47098,895613277848000
558;Location 418 - Location 247;418;321;1,000000000000000;31904,134345807546000;31904,134345807546000
559;Location 418 - Location 249;418;323;1,000000000000000;34116,912145016235000;34116,912145016235000
560;Location 418 - Location 251;418;325;1,000000000000000;35235,943859556326000;35235,943859556326000
561;Location 418 - Location 253;418;327;1,000000000000000;30923,718608223491000;30923,718608223491000
562;Location 418 - Location 254;418;328;1,000000000000000;34127,249850879030000;34127,249850879030000
563;Location 418 - Location 259;418;333;1,000000000000000;36695,998996548267000;36695,998996548267000
564;Location 418 - Location 262;418;336;1,000000000000000;31439,194433478937000;31439,194433478937000
565;Location 418 - Location 263;418;337;1,000000000000000;33407,782153027321000;33407,782153027321000
566;Location 418 - Location 266;418;340;1,000000000000000;35906,625220224458000;35906,625220224458000
567;Location 418 - Location 274;418;348;1,000000000000000;27823,007212945216000;27823,007212945216000
568;Location 418 - Location 279;418;353;1,000000000000000;34264,898102866529000;34264,898102866529000
569;Location 418 - Location 280;418;354;1,000000000000000;26709,725369668180000;26709,725369668180000
570;Location 418 - Location 286;418;360;1,000000000000000;26577,422077255924000;26577,422077255924000
571;Location 418 - Location 290;418;364;1,000000000000000;26618,978356477055000;26618,978356477055000
572;Location 418 - Location 293;418;367;1,000000000000000;23950,155820741908000;23950,155820741908000
573;Location 418 - Location 296;418;370;1,000000000000000;27287,621300391671000;27287,621300391671000
574;Location 418 - Location 300;418;374;1,000000000000000;27513,118765437994000;27513,118765437994000
575;Location 418 - Location 301;418;375;1,000000000000000;22371,239273372845000;22371,239273372845000
576;Location 418 - Location 305;418;379;1,000000000000000;22736,586877974110000;22736,586877974110000
577;Location 418 - Location 306;418;380;1,000000000000000;21703,531936574662000;21703,531936574662000
578;Location 418 - Location 310;418;384;1,000000000000000;22082,468779640352000;22082,468779640352000
579;Location 418 - Location 313;418;387;1,000000000000000;20756,313886226199000;20756,313886226199000
580;Location 418 - Location 314;418;388;1,000000000000000;25546,009376771199000;25546,009376771199000
581;Location 418 - Location 318;418;392;1,000000000000000;26589,978804802980000;26589,978804802980000
582;Location 418 - Location 321;418;395;1,000000000000000;20603,493584668722000;20603,493584668722000
583;Location 418 - Location 324;418;398;1,000000000000000;22610,290398622212000;22610,290398622212000
584;Location 418 - Location 327;418;401;1,000000000000000;19440,374298145460000;19440,374298145460000
585;Location 418 - Location 328;418;402;1,000000000000000;20329,364002916394000;20329,364002916394000
586;Location 418 - Location 329;418;403;1,000000000000000;28745,300645280211000;28745,300645280211000
587;Location 418 - Location 332;418;406;1,000000000000000;18223,350409137194000;18223,350409137194000
588;Location 418 - Location 335;418;409;1,000000000000000;22575,103624869640000;22575,103624869640000
589;Location 418 - Location 337;418;411;1,000000000000000;17498,612686247063000;17498,612686247063000
590;Location 418 - Location 342;418;416;1,000000000000000;25802,394743426885000;25802,394743426885000
591;Location 418 - Location 343;418;417;1,000000000000000;16690,517731612665000;16690,517731612665000
592;Location 418 - Location 344;418;418;1,000000000000000;15853,988648803721000;15853,988648803721000
593;Location 418 - Location 346;418;420;1,000000000000000;25632,934248624726000;25632,934248624726000
594;Location 418 - Location 347;418;421;1,000000000000000;23759,333776278054000;23759,333776278054000
595;Location 418 - Location 348;418;422;1,000000000000000;18795,247680276640000;18795,247680276640000
596;Location 418 - Location 349;418;423;1,000000000000000;14093,074655075963000;14093,074655075963000
597;Location 418 - Location 350;418;424;1,000000000000000;17789,260888313380000;17789,260888313380000
598;Location 418 - Location 352;418;426;1,000000000000000;15187,060964915077000;15187,060964915077000
599;Location 418 - Location 353;418;427;1,000000000000000;14594,935693475019000;14594,935693475019000
600;Location 418 - Location 355;418;429;1,000000000000000;27485,293081441603000;27485,293081441603000
601;Location 418 - Location 356;418;430;1,000000000000000;15365,955701605950000;15365,955701605950000
602;Location 418 - Location 357;418;431;1,000000000000000;30506,179891173870000;30506,179891173870000
603;Location 418 - Location 358;418;432;1,000000000000000;22669,189871256855000;22669,189871256855000
604;Location 418 - Location 360;418;434;1,000000000000000;20246,287553559654000;20246,287553559654000
605;Location 418 - Location 361;418;435;1,000000000000000;23871,754071293628000;23871,754071293628000
606;Location 418 - Location 362;418;436;1,000000000000000;22228,993764472852000;22228,993764472852000
607;Location 418 - Location 363;418;437;1,000000000000000;12958,998575989854000;12958,998575989854000
608;Location 418 - Location 364;418;438;1,000000000000000;12926,362688609199000;12926,362688609199000
609;Location 418 - Location 366;418;440;1,000000000000000;11857,524637927156000;11857,524637927156000
610;Location 418 - Location 367;418;441;1,000000000000000;20670,584470406640000;20670,584470406640000
611;Location 418 - Location 369;418;443;1,000000000000000;12278,482535774298000;12278,482535774298000
612;Location 418 - Location 370;418;444;1,000000000000000;24281,977133697626000;24281,977133697626000
613;Location 418 - Location 371;418;445;1,000000000000000;24530,230754608485000;24530,230754608485000
614;Location 418 - Location 372;418;446;1,000000000000000;11262,485678128325000;11262,485678128325000
615;Location 418 - Location 375;418;449;1,000000000000000;15069,956222613559000;15069,956222613559000
616;Location 418 - Location 376;418;450;1,000000000000000;25979,993444832715000;25979,993444832715000
617;Location 418 - Location 377;418;451;1,000000000000000;9988,055950654821600;9988,055950654821600
618;Location 418 - Location 378;418;452;1,000000000000000;9159,666927104644900;9159,666927104644900
619;Location 418 - Location 380;418;454;1,000000000000000;7816,026100261114200;7816,026100261114200
620;Location 418 - Location 381;418;455;1,000000000000000;14243,951887161782000;14243,951887161782000
621;Location 418 - Location 385;418;459;1,000000000000000;9213,137151742519600;9213,137151742519600
622;Location 418 - Location 393;418;467;1,000000000000000;23420,469287492579000;23420,469287492579000
623;Location 418 - Location 394;418;468;1,000000000000000;12288,189774131504000;12288,189774131504000
624;Location 418 - Location 396;418;470;1,000000000000000;4630,752889984954000;4630,752889984954000
625;Location 418 - Location 400;418;474;1,000000000000000;6182,054695698584500;6182,054695698584500
626;Location 418 - Location 401;418;475;1,000000000000000;11431,219487248185000;11431,219487248185000
627;Location 418 - Location 406;418;480;1,000000000000000;13007,324133941933000;13007,324133941933000
628;Location 418 - Location 407;418;481;1,000000000000000;4436,301214471222000;4436,301214471222000
629;Location 418 - Location 409;418;483;1,000000000000000;20325,066817434155000;20325,066817434155000
630;Location 418 - Location 410;418;484;1,000000000000000;7945,263369383718800;7945,263369383718800
631;Location 418 - Location 413;418;487;1,000000000000000;417,366491124651420;417,366491124651420
632;Location 418 - Location 414;418;488;1,000000000000000;5598,914127178081800;5598,914127178081800
633;Location 418 - Location 416;418;490;1,000000000000000;9093,766510626239300;9093,766510626239300
634;Location 418 - Location 418;418;492;1,000000000000000;0,000000000000000;0,000000000000000
635;Location 418 - Location 419;418;493;1,000000000000000;10008,070534324681000;10008,070534324681000
636;Location 418 - Location 420;418;494;1,000000000000000;9746,599793851744800;9746,599793851744800
637;Location 418 - Location 422;418;496;1,000000000000000;25789,784651999627000;25789,784651999627000
638;Location 418 - Location 424;418;498;1,000000000000000;3171,330217971557400;3171,330217971557400
639;Location 418 - Location 428;418;502;1,000000000000000;12533,373533651269000;12533,373533651269000
640;Location 418 - Location 430;418;504;1,000000000000000;14403,780046158767000;14403,780046158767000
641;Location 418 - Location 433;418;507;1,000000000000000;6074,476462250475400;6074,476462250475400
642;Location 418 - Location 439;418;513;1,000000000000000;12801,010247927130000;12801,010247927130000
643;Location 418 - Location 441;418;515;1,000000000000000;17442,991190040611000;17442,991190040611000
644;Location 418 - Location 442;418;516;1,000000000000000;8790,277672868778600;8790,277672868778600
645;Location 418 - Location 443;418;517;1,000000000000000;18671,788412787024000;18671,788412787024000
646;Location 418 - Location 446;418;520;1,000000000000000;9970,012495003229600;9970,012495003229600
647;Location 418 - Location 448;418;522;1,000000000000000;11769,614535716935000;11769,614535716935000
648;Location 418 - Location 450;418;524;1,000000000000000;11858,717360560990000;11858,717360560990000
649;Location 418 - Location 452;418;526;1,000000000000000;13960,890763531443000;13960,890763531443000
650;Location 418 - Location 454;418;528;1,000000000000000;13769,399062923010000;13769,399062923010000
651;Location 418 - Location 474;418;548;1,000000000000000;46057,556355503672000;46057,556355503672000
652;Location 418 - Location 486;418;560;1,000000000000000;55689,860991187597000;55689,860991187597000
653;Location 418 - Location 487;418;561;1,000000000000000;11557,021449969441000;11557,021449969441000
654;Location 418 - Location 489;418;563;1,000000000000000;51249,441999650095000;51249,441999650095000
655;Location 418 - Location 493;418;567;1,000000000000000;41318,928565509304000;41318,928565509304000
656;Location 418 - Location 495;418;569;1,000000000000000;51237,793415575368000;51237,793415575368000
657;Location 418 - Location 500;418;574;1,000000000000000;40341,645068236823000;40341,645068236823000
658;Location 418 - Location 502;418;576;1,000000000000000;23533,643504040683000;23533,643504040683000
659;Location 418 - Location 506;418;580;1,000000000000000;31351,855610495848000;31351,855610495848000
660;Location 418 - Location 507;418;581;1,000000000000000;16611,812252346397000;16611,812252346397000
661;Location 418 - Location 508;418;582;1,000000000000000;23058,207623936145000;23058,207623936145000
662;Location 418 - Location 510;418;584;1,000000000000000;45091,414090255370000;45091,414090255370000
663;Location 418 - Location 512;418;586;1,000000000000000;17600,740213988378000;17600,740213988378000
664;Location 418 - Location 516;418;590;1,000000000000000;44962,259601528800000;44962,259601528800000
665;Location 418 - Location 519;418;593;1,000000000000000;34918,365016497541000;34918,365016497541000
666;Location 418 - Location 520;418;594;1,000000000000000;27672,227339385303000;27672,227339385303000
667;Location 418 - Location 523;418;597;1,000000000000000;35053,835781636961000;35053,835781636961000
668;Location 418 - Location 529;418;603;1,000000000000000;34910,562168094766000;34910,562168094766000
669;Location 418 - Location 531;418;605;1,000000000000000;53200,462084160710000;53200,462084160710000
670;Location 418 - Location 534;418;608;1,000000000000000;33237,784227181757000;33237,784227181757000
671;Location 418 - Location 542;418;616;1,000000000000000;42426,571311933265000;42426,571311933265000
672;Location 418 - Location 543;418;617;1,000000000000000;48835,400952896220000;48835,400952896220000
673;Location 418 - Location 546;418;620;1,000000000000000;45035,881310786506000;45035,881310786506000
674;Location 418 - Location 548;418;622;1,000000000000000;44185,929410282442000;44185,929410282442000
675;Location 418 - Location 551;418;625;1,000000000000000;30336,486333813387000;30336,486333813387000
676;Location 418 - Location 557;418;631;1,000000000000000;54674,559301550980000;54674,559301550980000
677;Location 418 - Location 561;418;635;1,000000000000000;9627,183048434684700;9627,183048434684700
678;Location 418 - Location 568;418;642;1,000000000000000;26825,500775860117000;26825,500775860117000
679;Location 444 - Location 444;444;518;1,000000000000000;0,000000000000000;0,000000000000000
680;Location 451 - Location 451;451;525;1,000000000000000;0,000000000000000;0,000000000000000
681;Location 451 - Location 457;451;531;1,000000000000000;2611,752740494887300;2611,752740494887300
682;Location 494 - Location 461;494;535;1,000000000000000;31932,151537736212000;31932,151537736212000
683;Location 494 - Location 463;494;537;1,000000000000000;6483,824239533176300;6483,824239533176300
684;Location 494 - Location 467;494;541;1,000000000000000;41678,937894444884000;41678,937894444884000
685;Location 494 - Location 470;494;544;1,000000000000000;31745,393968337470000;31745,393968337470000
686;Location 494 - Location 471;494;545;1,000000000000000;32173,306990206431000;32173,306990206431000
687;Location 494 - Location 476;494;550;1,000000000000000;39388,350946941115000;39388,350946941115000
688;Location 494 - Location 477;494;551;1,000000000000000;9996,760142686869600;9996,760142686869600
689;Location 494 - Location 480;494;554;1,000000000000000;37993,331730831538000;37993,331730831538000
690;Location 494 - Location 481;494;555;1,000000000000000;37489,291758412088000;37489,291758412088000
691;Location 494 - Location 483;494;557;1,000000000000000;43964,683583645274000;43964,683583645274000
692;Location 494 - Location 488;494;562;1,000000000000000;43348,733250046229000;43348,733250046229000
693;Location 494 - Location 494;494;568;1,000000000000000;0,000000000000000;0,000000000000000
694;Location 494 - Location 517;494;591;1,000000000000000;52135,247191633774000;52135,247191633774000
695;Location 494 - Location 521;494;595;1,000000000000000;17618,685859647965000;17618,685859647965000
696;Location 494 - Location 524;494;598;1,000000000000000;17241,203918990668000;17241,203918990668000
697;Location 494 - Location 526;494;600;1,000000000000000;16168,329345052407000;16168,329345052407000
698;Location 494 - Location 532;494;606;1,000000000000000;17825,688466625907000;17825,688466625907000
699;Location 494 - Location 535;494;609;1,000000000000000;23683,576429116019000;23683,576429116019000
700;Location 494 - Location 540;494;614;1,000000000000000;16440,127431204703000;16440,127431204703000
701;Location 494 - Location 550;494;624;1,000000000000000;32749,286527467335000;32749,286527467335000
702;Location 494 - Location 565;494;639;1,000000000000000;24753,196325267199000;24753,196325267199000
703;Location 494 - Location 566;494;640;1,000000000000000;20831,099898063880000;20831,099898063880000
704;Location 501 - Location 462;501;536;1,000000000000000;19437,536752817294000;19437,536752817294000
705;Location 501 - Location 464;501;538;1,000000000000000;58147,105698556363000;58147,105698556363000
706;Location 501 - Location 465;501;539;1,000000000000000;41555,432433602728000;41555,432433602728000
707;Location 501 - Location 466;501;540;1,000000000000000;26466,449832636361000;26466,449832636361000
708;Location 501 - Location 468;501;542;1,000000000000000;18786,398650485902000;18786,398650485902000
709;Location 501 - Location 469;501;543;1,000000000000000;55191,981998237723000;55191,981998237723000
710;Location 501 - Location 472;501;546;1,000000000000000;19366,541021557932000;19366,541021557932000
711;Location 501 - Location 473;501;547;1,000000000000000;19547,738775726652000;19547,738775726652000
712;Location 501 - Location 475;501;549;1,000000000000000;28064,920122344629000;28064,920122344629000
713;Location 501 - Location 478;501;552;1,000000000000000;51119,523734785915000;51119,523734785915000
714;Location 501 - Location 479;501;553;1,000000000000000;12288,429011617856000;12288,429011617856000
715;Location 501 - Location 482;501;556;1,000000000000000;25673,242357390434000;25673,242357390434000
716;Location 501 - Location 484;501;558;1,000000000000000;46560,267734054789000;46560,267734054789000
717;Location 501 - Location 485;501;559;1,000000000000000;46005,334228990847000;46005,334228990847000
718;Location 501 - Location 490;501;564;1,000000000000000;41244,707282968091000;41244,707282968091000
719;Location 501 - Location 491;501;565;1,000000000000000;14378,761194762992000;14378,761194762992000
720;Location 501 - Location 492;501;566;1,000000000000000;32687,916473220219000;32687,916473220219000
721;Location 501 - Location 496;501;570;1,000000000000000;16900,168757850119000;16900,168757850119000
722;Location 501 - Location 498;501;572;1,000000000000000;40114,429242708153000;40114,429242708153000
723;Location 501 - Location 499;501;573;1,000000000000000;45217,660717028652000;45217,660717028652000
724;Location 501 - Location 501;501;575;1,000000000000000;0,000000000000000;0,000000000000000
725;Location 501 - Location 503;501;577;1,000000000000000;25365,034102346981000;25365,034102346981000
726;Location 501 - Location 504;501;578;1,000000000000000;38467,316109379026000;38467,316109379026000
727;Location 501 - Location 505;501;579;1,000000000000000;49105,719226713336000;49105,719226713336000
728;Location 501 - Location 511;501;585;1,000000000000000;22370,596944335448000;22370,596944335448000
729;Location 501 - Location 527;501;601;1,000000000000000;32357,890054032308000;32357,890054032308000
730;Location 501 - Location 537;501;611;1,000000000000000;52951,298852721768000;52951,298852721768000
731;Location 501 - Location 549;501;623;1,000000000000000;59721,650470649198000;59721,650470649198000
732;Location 501 - Location 553;501;627;1,000000000000000;40187,181688070988000;40187,181688070988000
733;Location 501 - Location 555;501;629;1,000000000000000;36931,171732567556000;36931,171732567556000
734;Location 501 - Location 556;501;630;1,000000000000000;30669,745094453458000;30669,745094453458000
735;Location 501 - Location 562;501;636;1,000000000000000;52207,609026316983000;52207,609026316983000
736;Location 501 - Location 563;501;637;1,000000000000000;49781,733827501259000;49781,733827501259000
737;Location 501 - Location 567;501;641;1,000000000000000;23382,572686845568000;23382,572686845568000
738;Location 501 - Location 569;501;643;1,000000000000000;27246,153764310700000;27246,153764310700000
739;Location 501 - Location 570;501;644;1,000000000000000;39608,270052419488000;39608,270052419488000
740;Location 501 - Location 572;501;646;1,000000000000000;32867,179266523402000;32867,179266523402000
741;Location 571 - Location 571;571;645;1,000000000000000;0,000000000000000;0,000000000000000