ObjectID;Name;FacilityID;DemandID;Weight;TotalWeighted_Length;Total_Length
742;Location 1 - Location 1;1;75;1,000000000000000;0,000000000000000;0,000000000000000
743;Location 2 - Location 2;2;76;1,000000000000000;0,000000000000000;0,000000000000000
744;Location 3 - Location 3;3;77;1,000000000000000;0,000000000000000;0,000000000000000
745;Location 3 - Location 6;3;80;1,000000000000000;1514,583453191853800;1514,583453191853800
746;Location 3 - Location 8;3;82;1,000000000000000;528,948687448815120;528,948687448815120
747;Location 3 - Location 9;3;83;1,000000000000000;6986,839746815578100;6986,839746815578100
748;Location 3 - Location 11;3;85;1,000000000000000;10556,201164339593000;10556,201164339593000
749;Location 4 - Location 4;4;78;1,000000000000000;0,000000000000000;0,000000000000000
750;Location 4 - Location 20;4;94;1,000000000000000;13102,641209691592000;13102,641209691592000
751;Location 4 - Location 84;4;158;1,000000000000000;18249,048629365392000;18249,048629365392000
752;Location 7 - Location 5;7;79;1,000000000000000;9438,429747658472500;9438,429747658472500
753;Location 7 - Location 7;7;81;1,000000000000000;0,000000000000000;0,000000000000000
754;Location 7 - Location 10;7;84;1,000000000000000;10252,414997848342000;10252,414997848342000
755;Location 7 - Location 12;7;86;1,000000000000000;6517,288562785101000;6517,288562785101000
756;Location 13 - Location 13;13;87;1,000000000000000;0,000000000000000;0,000000000000000
757;Location 13 - Location 16;13;90;1,000000000000000;10465,813015084688000;10465,813015084688000
758;Location 13 - Location 18;13;92;1,000000000000000;14994,422335469901000;14994,422335469901000
759;Location 13 - Location 19;13;93;1,000000000000000;520,891998014845510;520,891998014845510
760;Location 17 - Location 17;17;91;1,000000000000000;0,000000000000000;0,000000000000000
761;Location 17 - Location 21;17;95;1,000000000000000;16705,928850880340000;16705,928850880340000
762;Location 17 - Location 22;17;96;1,000000000000000;16207,702469155964000;16207,702469155964000
763;Location 17 - Location 23;17;97;1,000000000000000;4939,872997631443500;4939,872997631443500
764;Location 17 - Location 24;17;98;1,000000000000000;3675,980078751144400;3675,980078751144400
765;Location 17 - Location 29;17;103;1,000000000000000;8425,619910747409400;8425,619910747409400
766;Location 27 - Location 14;27;88;1,000000000000000;6086,745418033340700;6086,745418033340700
767;Location 27 - Location 15;27;89;1,000000000000000;7377,774998286676200;7377,774998286676200
768;Location 27 - Location 25;27;99;1,000000000000000;4152,007429575840400;4152,007429575840400
769;Location 27 - Location 26;27;100;1,000000000000000;7859,922106487047100;7859,922106487047100
770;Location 27 - Location 27;27;101;1,000000000000000;0,000000000000000;0,000000000000000
771;Location 27 - Location 28;27;102;1,000000000000000;8192,164653017191100;8192,164653017191100
772;Location 27 - Location 31;27;105;1,000000000000000;10091,034842900493000;10091,034842900493000
773;Location 36 - Location 33;36;107;1,000000000000000;11489,713348833973000;11489,713348833973000
774;Location 36 - Location 34;36;108;1,000000000000000;8949,530161502498200;8949,530161502498200
775;Location 36 - Location 35;36;109;1,000000000000000;7100,021033738186800;7100,021033738186800
776;Location 36 - Location 36;36;110;1,000000000000000;0,000000000000000;0,000000000000000
777;Location 36 - Location 37;36;111;1,000000000000000;13528,741859072921000;13528,741859072921000
778;Location 36 - Location 55;36;129;1,000000000000000;13503,842910434958000;13503,842910434958000
779;Location 36 - Location 56;36;130;1,000000000000000;14186,420014169371000;14186,420014169371000
780;Location 36 - Location 60;36;134;1,000000000000000;17547,531820477081000;17547,531820477081000
781;Location 36 - Location 61;36;135;1,000000000000000;15079,180095753825000;15079,180095753825000
782;Location 41 - Location 38;41;112;1,000000000000000;6657,752956532927800;6657,752956532927800
783;Location 41 - Location 39;41;113;1,000000000000000;4465,348899907428900;4465,348899907428900
784;Location 41 - Location 41;41;115;1,000000000000000;0,000000000000000;0,000000000000000
785;Location 41 - Location 81;41;155;1,000000000000000;4903,515325136340800;4903,515325136340800
786;Location 41 - Location 83;41;157;1,000000000000000;8156,155604440147700;8156,155604440147700
787;Location 41 - Location 91;41;165;1,000000000000000;17894,147484918263000;17894,147484918263000
788;Location 43 - Location 32;43;106;1,000000000000000;12459,934689704365000;12459,934689704365000
789;Location 43 - Location 42;43;116;1,000000000000000;5519,390605799666400;5519,390605799666400
790;Location 43 - Location 43;43;117;1,000000000000000;0,000000000000000;0,000000000000000
791;Location 43 - Location 44;43;118;1,000000000000000;12846,918360260894000;12846,918360260894000
792;Location 43 - Location 48;43;122;1,000000000000000;15423,851296320010000;15423,851296320010000
793;Location 43 - Location 96;43;170;1,000000000000000;14584,287608141058000;14584,287608141058000
794;Location 49 - Location 45;49;119;1,000000000000000;3244,978294302868100;3244,978294302868100
795;Location 49 - Location 49;49;123;1,000000000000000;0,000000000000000;0,000000000000000
796;Location 50 - Location 50;50;124;1,000000000000000;0,000000000000000;0,000000000000000
797;Location 52 - Location 40;52;114;1,000000000000000;15388,756986149274000;15388,756986149274000
798;Location 52 - Location 52;52;126;1,000000000000000;0,000000000000000;0,000000000000000
799;Location 52 - Location 53;52;127;1,000000000000000;11868,002524294476000;11868,002524294476000
800;Location 54 - Location 54;54;128;1,000000000000000;0,000000000000000;0,000000000000000
801;Location 54 - Location 57;54;131;1,000000000000000;10067,852101739230000;10067,852101739230000
802;Location 54 - Location 58;54;132;1,000000000000000;3880,842016627828300;3880,842016627828300
803;Location 54 - Location 59;54;133;1,000000000000000;3447,879746545244400;3447,879746545244400
804;Location 64 - Location 63;64;137;1,000000000000000;6435,108899976785300;6435,108899976785300
805;Location 64 - Location 64;64;138;1,000000000000000;0,000000000000000;0,000000000000000
806;Location 70 - Location 65;70;139;1,000000000000000;15208,906706227652000;15208,906706227652000
807;Location 70 - Location 66;70;140;1,000000000000000;8237,733648175999400;8237,733648175999400
808;Location 70 - Location 67;70;141;1,000000000000000;11016,671541795233000;11016,671541795233000
809;Location 70 - Location 68;70;142;1,000000000000000;8251,930826246098100;8251,930826246098100
810;Location 70 - Location 69;70;143;1,000000000000000;12954,619037200489000;12954,619037200489000
811;Location 70 - Location 70;70;144;1,000000000000000;0,000000000000000;0,000000000000000
812;Location 70 - Location 71;70;145;1,000000000000000;7499,942596068254700;7499,942596068254700
813;Location 70 - Location 72;70;146;1,000000000000000;18942,199428041702000;18942,199428041702000
814;Location 70 - Location 73;70;147;1,000000000000000;10313,267124204955000;10313,267124204955000
815;Location 70 - Location 74;70;148;1,000000000000000;15170,984487386982000;15170,984487386982000
816;Location 70 - Location 75;70;149;1,000000000000000;8957,116030457835200;8957,116030457835200
817;Location 88 - Location 51;88;125;1,000000000000000;12777,016303697757000;12777,016303697757000
818;Location 88 - Location 77;88;151;1,000000000000000;9978,673007686848000;9978,673007686848000
819;Location 88 - Location 78;88;152;1,000000000000000;9729,036734529698200;9729,036734529698200
820;Location 88 - Location 85;88;159;1,000000000000000;15926,533341274318000;15926,533341274318000
821;Location 88 - Location 88;88;162;1,000000000000000;0,000000000000000;0,000000000000000
822;Location 89 - Location 76;89;150;1,000000000000000;9105,896388665190900;9105,896388665190900
823;Location 89 - Location 79;89;153;1,000000000000000;11768,123155983409000;11768,123155983409000
824;Location 89 - Location 80;89;154;1,000000000000000;13451,846035186067000;13451,846035186067000
825;Location 89 - Location 82;89;156;1,000000000000000;12461,479991976395000;12461,479991976395000
826;Location 89 - Location 86;89;160;1,000000000000000;8085,494289928756200;8085,494289928756200
827;Location 89 - Location 87;89;161;1,000000000000000;17611,797979955270000;17611,797979955270000
828;Location 89 - Location 89;89;163;1,000000000000000;0,000000000000000;0,000000000000000
829;Location 89 - Location 90;89;164;1,000000000000000;5526,241167146316000;5526,241167146316000
830;Location 89 - Location 92;89;166;1,000000000000000;10859,484792069388000;10859,484792069388000
831;Location 89 - Location 93;89;167;1,000000000000000;9853,955885713712600;9853,955885713712600
832;Location 95 - Location 62;95;136;1,000000000000000;12115,634615958024000;12115,634615958024000
833;Location 95 - Location 95;95;169;1,000000000000000;0,000000000000000;0,000000000000000
834;Location 95 - Location 102;95;176;1,000000000000000;14477,841799701733000;14477,841799701733000
835;Location 95 - Location 106;95;180;1,000000000000000;10466,460340789854000;10466,460340789854000
836;Location 97 - Location 94;97;168;1,000000000000000;3445,347874720460800;3445,347874720460800
837;Location 97 - Location 97;97;171;1,000000000000000;0,000000000000000;0,000000000000000
838;Location 97 - Location 98;97;172;1,000000000000000;2838,441247599973400;2838,441247599973400
839;Location 97 - Location 100;97;174;1,000000000000000;10022,912175980553000;10022,912175980553000
840;Location 97 - Location 101;97;175;1,000000000000000;2226,502271826833300;2226,502271826833300
841;Location 105 - Location 30;105;104;1,000000000000000;3132,257619991542900;3132,257619991542900
842;Location 105 - Location 99;105;173;1,000000000000000;4397,261713883008300;4397,261713883008300
843;Location 105 - Location 103;105;177;1,000000000000000;8726,362528705629300;8726,362528705629300
844;Location 105 - Location 104;105;178;1,000000000000000;3447,667236070997700;3447,667236070997700
845;Location 105 - Location 105;105;179;1,000000000000000;0,000000000000000;0,000000000000000
846;Location 109 - Location 109;109;183;1,000000000000000;0,000000000000000;0,000000000000000
847;Location 109 - Location 110;109;184;1,000000000000000;6340,622678887544700;6340,622678887544700
848;Location 109 - Location 112;109;186;1,000000000000000;6773,549444577744000;6773,549444577744000
849;Location 115 - Location 107;115;181;1,000000000000000;16431,548416751837000;16431,548416751837000
850;Location 115 - Location 115;115;189;1,000000000000000;0,000000000000000;0,000000000000000
851;Location 115 - Location 118;115;192;1,000000000000000;14887,208339191769000;14887,208339191769000
852;Location 115 - Location 133;115;207;1,000000000000000;18579,013680386659000;18579,013680386659000
853;Location 116 - Location 108;116;182;1,000000000000000;10313,975766302232000;10313,975766302232000
854;Location 116 - Location 111;116;185;1,000000000000000;6096,964724903307800;6096,964724903307800
855;Location 116 - Location 113;116;187;1,000000000000000;3514,965649217156200;3514,965649217156200
856;Location 116 - Location 116;116;190;1,000000000000000;0,000000000000000;0,000000000000000
857;Location 116 - Location 117;116;191;1,000000000000000;547,018460927093430;547,018460927093430
858;Location 116 - Location 119;116;193;1,000000000000000;3026,597515871177200;3026,597515871177200
859;Location 128 - Location 114;128;188;1,000000000000000;13567,357146551407000;13567,357146551407000
860;Location 128 - Location 125;128;199;1,000000000000000;1665,896127017304300;1665,896127017304300
861;Location 128 - Location 128;128;202;1,000000000000000;0,000000000000000;0,000000000000000
862;Location 128 - Location 139;128;213;1,000000000000000;15846,442810924498000;15846,442810924498000
863;Location 128 - Location 140;128;214;1,000000000000000;15229,342069574086000;15229,342069574086000
864;Location 128 - Location 144;128;218;1,000000000000000;13834,769549848172000;13834,769549848172000
865;Location 128 - Location 150;128;224;1,000000000000000;16232,524196210992000;16232,524196210992000
866;Location 129 - Location 121;129;195;1,000000000000000;6227,954988538677800;6227,954988538677800
867;Location 129 - Location 122;129;196;1,000000000000000;12965,601551110794000;12965,601551110794000
868;Location 129 - Location 123;129;197;1,000000000000000;12116,342536214928000;12116,342536214928000
869;Location 129 - Location 126;129;200;1,000000000000000;3335,943579668621200;3335,943579668621200
870;Location 129 - Location 127;129;201;1,000000000000000;2490,806800851572900;2490,806800851572900
871;Location 129 - Location 129;129;203;1,000000000000000;0,000000000000000;0,000000000000000
872;Location 138 - Location 130;138;204;1,000000000000000;9931,139475398966200;9931,139475398966200
873;Location 138 - Location 131;138;205;1,000000000000000;15369,491280831018000;15369,491280831018000
874;Location 138 - Location 132;138;206;1,000000000000000;11629,173794732065000;11629,173794732065000
875;Location 138 - Location 134;138;208;1,000000000000000;4800,795417968214700;4800,795417968214700
876;Location 138 - Location 138;138;212;1,000000000000000;0,000000000000000;0,000000000000000
877;Location 138 - Location 141;138;215;1,000000000000000;1988,851338250417900;1988,851338250417900
878;Location 138 - Location 145;138;219;1,000000000000000;6161,149163792866600;6161,149163792866600
879;Location 138 - Location 146;138;220;1,000000000000000;3768,802039739209200;3768,802039739209200
880;Location 138 - Location 161;138;235;1,000000000000000;16828,888923989329000;16828,888923989329000
881;Location 138 - Location 175;138;249;1,000000000000000;15309,038305846019000;15309,038305846019000
882;Location 153 - Location 135;153;209;1,000000000000000;12280,752814224335000;12280,752814224335000
883;Location 153 - Location 137;153;211;1,000000000000000;13988,507916253202000;13988,507916253202000
884;Location 153 - Location 142;153;216;1,000000000000000;5778,645490924768600;5778,645490924768600
885;Location 153 - Location 147;153;221;1,000000000000000;8698,513478398781400;8698,513478398781400
886;Location 153 - Location 151;153;225;1,000000000000000;9847,848078535007500;9847,848078535007500
887;Location 153 - Location 153;153;227;1,000000000000000;0,000000000000000;0,000000000000000
888;Location 153 - Location 163;153;237;1,000000000000000;6110,524976572643900;6110,524976572643900
889;Location 153 - Location 230;153;304;1,000000000000000;17786,859469211977000;17786,859469211977000
890;Location 158 - Location 152;158;226;1,000000000000000;193,880685936627200;193,880685936627200
891;Location 158 - Location 158;158;232;1,000000000000000;0,000000000000000;0,000000000000000
892;Location 170 - Location 136;170;210;1,000000000000000;18828,639494332736000;18828,639494332736000
893;Location 170 - Location 154;170;228;1,000000000000000;13477,191576241652000;13477,191576241652000
894;Location 170 - Location 159;170;233;1,000000000000000;10723,755460175844000;10723,755460175844000
895;Location 170 - Location 160;170;234;1,000000000000000;6475,430526402095000;6475,430526402095000
896;Location 170 - Location 170;170;244;1,000000000000000;0,000000000000000;0,000000000000000
897;Location 170 - Location 192;170;266;1,000000000000000;3602,940599964963400;3602,940599964963400
898;Location 170 - Location 207;170;281;1,000000000000000;4199,994597680211000;4199,994597680211000
899;Location 170 - Location 216;170;290;1,000000000000000;14621,936667612052000;14621,936667612052000
900;Location 170 - Location 243;170;317;1,000000000000000;10714,159157974038000;10714,159157974038000
901;Location 182 - Location 149;182;223;1,000000000000000;14210,151336419700000;14210,151336419700000
902;Location 182 - Location 155;182;229;1,000000000000000;11089,818994338173000;11089,818994338173000
903;Location 182 - Location 162;182;236;1,000000000000000;7609,626652509965400;7609,626652509965400
904;Location 182 - Location 164;182;238;1,000000000000000;6492,651300516398800;6492,651300516398800
905;Location 182 - Location 167;182;241;1,000000000000000;7816,168302627556800;7816,168302627556800
906;Location 182 - Location 169;182;243;1,000000000000000;8707,317292980540500;8707,317292980540500
907;Location 182 - Location 178;182;252;1,000000000000000;18879,280478494180000;18879,280478494180000
908;Location 182 - Location 179;182;253;1,000000000000000;4392,485761601788000;4392,485761601788000
909;Location 182 - Location 182;182;256;1,000000000000000;0,000000000000000;0,000000000000000
910;Location 182 - Location 183;182;257;1,000000000000000;13304,313390456933000;13304,313390456933000
911;Location 182 - Location 189;182;263;1,000000000000000;12945,408275193247000;12945,408275193247000
912;Location 182 - Location 190;182;264;1,000000000000000;5556,770106649534700;5556,770106649534700
913;Location 182 - Location 191;182;265;1,000000000000000;4919,092822431687600;4919,092822431687600
914;Location 182 - Location 200;182;274;1,000000000000000;4439,849637520701400;4439,849637520701400
915;Location 182 - Location 202;182;276;1,000000000000000;1393,542543870441200;1393,542543870441200
916;Location 182 - Location 233;182;307;1,000000000000000;13822,713181639661000;13822,713181639661000
917;Location 182 - Location 234;182;308;1,000000000000000;7180,534094887585500;7180,534094887585500
918;Location 182 - Location 237;182;311;1,000000000000000;11566,392899320352000;11566,392899320352000
919;Location 182 - Location 246;182;320;1,000000000000000;9646,983961798920100;9646,983961798920100
920;Location 182 - Location 249;182;323;1,000000000000000;12799,022639896988000;12799,022639896988000
921;Location 182 - Location 262;182;336;1,000000000000000;10624,970855342090000;10624,970855342090000
922;Location 182 - Location 290;182;364;1,000000000000000;14469,719723938450000;14469,719723938450000
923;Location 185 - Location 166;185;240;1,000000000000000;4448,717367875209700;4448,717367875209700
924;Location 185 - Location 168;185;242;1,000000000000000;4316,130979248102400;4316,130979248102400
925;Location 185 - Location 172;185;246;1,000000000000000;13293,679286558759000;13293,679286558759000
926;Location 185 - Location 176;185;250;1,000000000000000;1961,232934317226000;1961,232934317226000
927;Location 185 - Location 177;185;251;1,000000000000000;5120,149475088879600;5120,149475088879600
928;Location 185 - Location 180;185;254;1,000000000000000;10055,990195833281000;10055,990195833281000
929;Location 185 - Location 181;185;255;1,000000000000000;9431,310194191164600;9431,310194191164600
930;Location 185 - Location 185;185;259;1,000000000000000;0,000000000000000;0,000000000000000
931;Location 185 - Location 188;185;262;1,000000000000000;524,698824873444890;524,698824873444890
932;Location 185 - Location 197;185;271;1,000000000000000;1610,698198703959600;1610,698198703959600
933;Location 185 - Location 201;185;275;1,000000000000000;3201,807402230471800;3201,807402230471800
934;Location 185 - Location 250;185;324;1,000000000000000;12289,175559236555000;12289,175559236555000
935;Location 185 - Location 261;185;335;1,000000000000000;13652,733782297408000;13652,733782297408000
936;Location 196 - Location 143;196;217;1,000000000000000;14518,812461742818000;14518,812461742818000
937;Location 196 - Location 186;196;260;1,000000000000000;1222,053114643086700;1222,053114643086700
938;Location 196 - Location 187;196;261;1,000000000000000;474,597867212441490;474,597867212441490
939;Location 196 - Location 194;196;268;1,000000000000000;2827,252498037388200;2827,252498037388200
940;Location 196 - Location 195;196;269;1,000000000000000;397,517017040792210;397,517017040792210
941;Location 196 - Location 196;196;270;1,000000000000000;0,000000000000000;0,000000000000000
942;Location 196 - Location 213;196;287;1,000000000000000;2827,252498037388200;2827,252498037388200
943;Location 196 - Location 225;196;299;1,000000000000000;4798,456811422110100;4798,456811422110100
944;Location 196 - Location 227;196;301;1,000000000000000;5044,704335170276900;5044,704335170276900
945;Location 196 - Location 231;196;305;1,000000000000000;4418,975909387812900;4418,975909387812900
946;Location 204 - Location 148;204;222;1,000000000000000;16327,437493289361000;16327,437493289361000
947;Location 204 - Location 156;204;230;1,000000000000000;11239,897053414556000;11239,897053414556000
948;Location 204 - Location 157;204;231;1,000000000000000;11690,762644470777000;11690,762644470777000
949;Location 204 - Location 171;204;245;1,000000000000000;6172,379622739843400;6172,379622739843400
950;Location 204 - Location 184;204;258;1,000000000000000;1944,924888704530100;1944,924888704530100
951;Location 204 - Location 198;204;272;1,000000000000000;10192,817504019022000;10192,817504019022000
952;Location 204 - Location 204;204;278;1,000000000000000;0,000000000000000;0,000000000000000
953;Location 204 - Location 205;204;279;1,000000000000000;5,373905838693402;5,373905838693402
954;Location 204 - Location 211;204;285;1,000000000000000;1336,018876200568000;1336,018876200568000
955;Location 204 - Location 217;204;291;1,000000000000000;3931,821492708060800;3931,821492708060800
956;Location 204 - Location 232;204;306;1,000000000000000;5627,752600702975500;5627,752600702975500
957;Location 204 - Location 238;204;312;1,000000000000000;7135,418562482681400;7135,418562482681400
958;Location 204 - Location 241;204;315;1,000000000000000;17852,321359630725000;17852,321359630725000
959;Location 204 - Location 267;204;341;1,000000000000000;9206,969887002327600;9206,969887002327600
960;Location 204 - Location 285;204;359;1,000000000000000;12033,689060049421000;12033,689060049421000
961;Location 221 - Location 173;221;247;1,000000000000000;7592,286786514994700;7592,286786514994700
962;Location 221 - Location 174;221;248;1,000000000000000;7592,286786514994700;7592,286786514994700
963;Location 221 - Location 193;221;267;1,000000000000000;4658,285383141465000;4658,285383141465000
964;Location 221 - Location 206;221;280;1,000000000000000;5190,187517338452400;5190,187517338452400
965;Location 221 - Location 209;221;283;1,000000000000000;10549,378200445411000;10549,378200445411000
966;Location 221 - Location 215;221;289;1,000000000000000;11261,436524667128000;11261,436524667128000
967;Location 221 - Location 218;221;292;1,000000000000000;2791,377163959469700;2791,377163959469700
968;Location 221 - Location 221;221;295;1,000000000000000;0,000000000000000;0,000000000000000
969;Location 221 - Location 226;221;300;1,000000000000000;1427,907306376701900;1427,907306376701900
970;Location 221 - Location 251;221;325;1,000000000000000;9057,241676973248100;9057,241676973248100
971;Location 221 - Location 254;221;328;1,000000000000000;6336,511348395034500;6336,511348395034500
972;Location 221 - Location 259;221;333;1,000000000000000;9450,085030305805000;9450,085030305805000
973;Location 221 - Location 263;221;337;1,000000000000000;7055,979046246744500;7055,979046246744500
974;Location 221 - Location 266;221;340;1,000000000000000;7977,436983956362400;7977,436983956362400
975;Location 221 - Location 279;221;353;1,000000000000000;9619,164101314288900;9619,164101314288900
976;Location 252 - Location 165;252;239;1,000000000000000;17510,200984691248000;17510,200984691248000
977;Location 252 - Location 203;252;277;1,000000000000000;12187,571641008099000;12187,571641008099000
978;Location 252 - Location 208;252;282;1,000000000000000;13890,626992244082000;13890,626992244082000
979;Location 252 - Location 222;252;296;1,000000000000000;11860,683917978668000;11860,683917978668000
980;Location 252 - Location 228;252;302;1,000000000000000;11277,963080464531000;11277,963080464531000
981;Location 252 - Location 242;252;316;1,000000000000000;6491,641502692835300;6491,641502692835300
982;Location 252 - Location 244;252;318;1,000000000000000;5166,776553692181600;5166,776553692181600
983;Location 252 - Location 252;252;326;1,000000000000000;0,000000000000000;0,000000000000000
984;Location 252 - Location 256;252;330;1,000000000000000;6862,008680767874500;6862,008680767874500
985;Location 252 - Location 271;252;345;1,000000000000000;9798,937712758335700;9798,937712758335700
986;Location 252 - Location 281;252;355;1,000000000000000;12060,568999055264000;12060,568999055264000
987;Location 252 - Location 282;252;356;1,000000000000000;6563,043674539832900;6563,043674539832900
988;Location 252 - Location 538;252;612;1,000000000000000;11668,809868248800000;11668,809868248800000
989;Location 264 - Location 212;264;286;1,000000000000000;7879,305590825945700;7879,305590825945700
990;Location 264 - Location 219;264;293;1,000000000000000;2812,231686867954100;2812,231686867954100
991;Location 264 - Location 220;264;294;1,000000000000000;7879,305590825945700;7879,305590825945700
992;Location 264 - Location 223;264;297;1,000000000000000;8270,441254573159300;8270,441254573159300
993;Location 264 - Location 236;264;310;1,000000000000000;6879,438356948805400;6879,438356948805400
994;Location 264 - Location 240;264;314;1,000000000000000;14583,999853831261000;14583,999853831261000
995;Location 264 - Location 257;264;331;1,000000000000000;1233,921249043382000;1233,921249043382000
996;Location 264 - Location 260;264;334;1,000000000000000;10372,149215579684000;10372,149215579684000
997;Location 264 - Location 264;264;338;1,000000000000000;0,000000000000000;0,000000000000000
998;Location 264 - Location 270;264;344;1,000000000000000;4298,059291203782800;4298,059291203782800
999;Location 264 - Location 272;264;346;1,000000000000000;2573,577523870115300;2573,577523870115300
1000;Location 264 - Location 273;264;347;1,000000000000000;2645,273723569965600;2645,273723569965600
1001;Location 264 - Location 275;264;349;1,000000000000000;14631,681798263582000;14631,681798263582000
1002;Location 264 - Location 276;264;350;1,000000000000000;14681,796512806734000;14681,796512806734000
1003;Location 264 - Location 277;264;351;1,000000000000000;14784,621196465565000;14784,621196465565000
1004;Location 264 - Location 294;264;368;1,000000000000000;8786,483675192668700;8786,483675192668700
1005;Location 264 - Location 295;264;369;1,000000000000000;7904,645297112309000;7904,645297112309000
1006;Location 264 - Location 297;264;371;1,000000000000000;8283,478645058918100;8283,478645058918100
1007;Location 299 - Location 199;299;273;1,000000000000000;15779,651839723823000;15779,651839723823000
1008;Location 299 - Location 210;299;284;1,000000000000000;12138,976408019742000;12138,976408019742000
1009;Location 299 - Location 214;299;288;1,000000000000000;16440,081540685045000;16440,081540685045000
1010;Location 299 - Location 229;299;303;1,000000000000000;10895,104054688816000;10895,104054688816000
1011;Location 299 - Location 235;299;309;1,000000000000000;13194,382141480524000;13194,382141480524000
1012;Location 299 - Location 239;299;313;1,000000000000000;9396,421703609503300;9396,421703609503300
1013;Location 299 - Location 245;299;319;1,000000000000000;8485,158145193321600;8485,158145193321600
1014;Location 299 - Location 248;299;322;1,000000000000000;7485,250921603306800;7485,250921603306800
1015;Location 299 - Location 255;299;329;1,000000000000000;10331,858037137525000;10331,858037137525000
1016;Location 299 - Location 258;299;332;1,000000000000000;6359,432060731795900;6359,432060731795900
1017;Location 299 - Location 278;299;352;1,000000000000000;12375,036418034175000;12375,036418034175000
1018;Location 299 - Location 287;299;361;1,000000000000000;4847,423000709439300;4847,423000709439300
1019;Location 299 - Location 289;299;363;1,000000000000000;13155,833301979219000;13155,833301979219000
1020;Location 299 - Location 291;299;365;1,000000000000000;1715,431481008849700;1715,431481008849700
1021;Location 299 - Location 298;299;372;1,000000000000000;2499,747077320507700;2499,747077320507700
1022;Location 299 - Location 299;299;373;1,000000000000000;0,000000000000000;0,000000000000000
1023;Location 299 - Location 315;299;389;1,000000000000000;6003,204454825442600;6003,204454825442600
1024;Location 299 - Location 320;299;394;1,000000000000000;10248,567159451010000;10248,567159451010000
1025;Location 299 - Location 323;299;397;1,000000000000000;7718,314367421192400;7718,314367421192400
1026;Location 299 - Location 325;299;399;1,000000000000000;5871,966904241719900;5871,966904241719900
1027;Location 299 - Location 340;299;414;1,000000000000000;7344,833987577124400;7344,833987577124400
1028;Location 312 - Location 46;312;120;1,000000000000000;18744,869924125444000;18744,869924125444000
1029;Location 312 - Location 47;312;121;1,000000000000000;17640,016358987465000;17640,016358987465000
1030;Location 312 - Location 312;312;386;1,000000000000000;0,000000000000000;0,000000000000000
1031;Location 312 - Location 316;312;390;1,000000000000000;13193,761679255709000;13193,761679255709000
1032;Location 312 - Location 317;312;391;1,000000000000000;14994,805357922050000;14994,805357922050000
1033;Location 312 - Location 330;312;404;1,000000000000000;11795,117557214391000;11795,117557214391000
1034;Location 326 - Location 268;326;342;1,000000000000000;11766,596062845896000;11766,596062845896000
1035;Location 326 - Location 269;326;343;1,000000000000000;7894,907829176033400;7894,907829176033400
1036;Location 326 - Location 283;326;357;1,000000000000000;8104,859996638301700;8104,859996638301700
1037;Location 326 - Location 284;326;358;1,000000000000000;8012,078458157990100;8012,078458157990100
1038;Location 326 - Location 292;326;366;1,000000000000000;4780,071071352306700;4780,071071352306700
1039;Location 326 - Location 304;326;378;1,000000000000000;3777,183754853590500;3777,183754853590500
1040;Location 326 - Location 307;326;381;1,000000000000000;4347,562329872228500;4347,562329872228500
1041;Location 326 - Location 308;326;382;1,000000000000000;2936,001513100730800;2936,001513100730800
1042;Location 326 - Location 309;326;383;1,000000000000000;6623,670942128941500;6623,670942128941500
1043;Location 326 - Location 322;326;396;1,000000000000000;5971,025162981032700;5971,025162981032700
1044;Location 326 - Location 326;326;400;1,000000000000000;0,000000000000000;0,000000000000000
1045;Location 326 - Location 331;326;405;1,000000000000000;997,199748681708460;997,199748681708460
1046;Location 326 - Location 333;326;407;1,000000000000000;1480,815934746418900;1480,815934746418900
1047;Location 326 - Location 355;326;429;1,000000000000000;15071,637099359677000;15071,637099359677000
1048;Location 326 - Location 361;326;435;1,000000000000000;6467,728262072716500;6467,728262072716500
1049;Location 326 - Location 507;326;581;1,000000000000000;16981,999058152778000;16981,999058152778000
1050;Location 326 - Location 525;326;599;1,000000000000000;5834,477267267637200;5834,477267267637200
1051;Location 326 - Location 539;326;613;1,000000000000000;14509,964287032673000;14509,964287032673000
1052;Location 327 - Location 247;327;321;1,000000000000000;12463,760047662086000;12463,760047662086000
1053;Location 327 - Location 253;327;327;1,000000000000000;11483,344310078031000;11483,344310078031000
1054;Location 327 - Location 265;327;339;1,000000000000000;12868,444887042997000;12868,444887042997000
1055;Location 327 - Location 274;327;348;1,000000000000000;8382,632914799756700;8382,632914799756700
1056;Location 327 - Location 280;327;354;1,000000000000000;7269,351071522723900;7269,351071522723900
1057;Location 327 - Location 286;327;360;1,000000000000000;7137,047779110465900;7137,047779110465900
1058;Location 327 - Location 288;327;362;1,000000000000000;11613,907052303275000;11613,907052303275000
1059;Location 327 - Location 303;327;377;1,000000000000000;8569,105689980535300;8569,105689980535300
1060;Location 327 - Location 305;327;379;1,000000000000000;3296,212579828652500;3296,212579828652500
1061;Location 327 - Location 310;327;384;1,000000000000000;2642,094481494894400;2642,094481494894400
1062;Location 327 - Location 324;327;398;1,000000000000000;3169,916100476748900;3169,916100476748900
1063;Location 327 - Location 327;327;401;1,000000000000000;0,000000000000000;0,000000000000000
1064;Location 327 - Location 335;327;409;1,000000000000000;10204,995878226784000;10204,995878226784000
1065;Location 327 - Location 337;327;411;1,000000000000000;1941,761611898397200;1941,761611898397200
1066;Location 327 - Location 344;327;418;1,000000000000000;3586,385649341737900;3586,385649341737900
1067;Location 327 - Location 353;327;427;1,000000000000000;4845,438604670439400;4845,438604670439400
1068;Location 327 - Location 356;327;430;1,000000000000000;8296,498306111760000;8296,498306111760000
1069;Location 327 - Location 363;327;437;1,000000000000000;6481,375722155605200;6481,375722155605200
1070;Location 327 - Location 364;327;438;1,000000000000000;6514,011609536260000;6514,011609536260000
1071;Location 327 - Location 369;327;443;1,000000000000000;7161,891762371161300;7161,891762371161300
1072;Location 327 - Location 372;327;446;1,000000000000000;8177,888620017135500;8177,888620017135500
1073;Location 328 - Location 296;328;370;1,000000000000000;6958,257297475272000;6958,257297475272000
1074;Location 328 - Location 300;328;374;1,000000000000000;7183,754762521593000;7183,754762521593000
1075;Location 328 - Location 314;328;388;1,000000000000000;5216,645373854803400;5216,645373854803400
1076;Location 328 - Location 318;328;392;1,000000000000000;6260,614801886585200;6260,614801886585200
1077;Location 328 - Location 328;328;402;1,000000000000000;0,000000000000000;0,000000000000000
1078;Location 328 - Location 329;328;403;1,000000000000000;8415,936642363816600;8415,936642363816600
1079;Location 328 - Location 332;328;406;1,000000000000000;2106,013593779197000;2106,013593779197000
1080;Location 328 - Location 342;328;416;1,000000000000000;7107,476247092921800;7107,476247092921800
1081;Location 328 - Location 343;328;417;1,000000000000000;3638,846271303728400;3638,846271303728400
1082;Location 328 - Location 347;328;421;1,000000000000000;9150,537214241750900;9150,537214241750900
1083;Location 328 - Location 348;328;422;1,000000000000000;8050,281714474262100;8050,281714474262100
1084;Location 328 - Location 350;328;424;1,000000000000000;7044,294922511000600;7044,294922511000600
1085;Location 328 - Location 352;328;426;1,000000000000000;5142,303038001313300;5142,303038001313300
1086;Location 328 - Location 358;328;432;1,000000000000000;10240,681119262954000;10240,681119262954000
1087;Location 328 - Location 360;328;434;1,000000000000000;9501,321587757272900;9501,321587757272900
1088;Location 328 - Location 362;328;436;1,000000000000000;10680,877226046954000;10680,877226046954000
1089;Location 328 - Location 367;328;441;1,000000000000000;12239,286520113166000;12239,286520113166000
1090;Location 328 - Location 377;328;451;1,000000000000000;10341,308052261569000;10341,308052261569000
1091;Location 328 - Location 394;328;468;1,000000000000000;16893,283429699535000;16893,283429699535000
1092;Location 341 - Location 311;341;385;1,000000000000000;18563,580158031597000;18563,580158031597000
1093;Location 341 - Location 319;341;393;1,000000000000000;17194,088759996244000;17194,088759996244000
1094;Location 341 - Location 338;341;412;1,000000000000000;5482,101391672059400;5482,101391672059400
1095;Location 341 - Location 339;341;413;1,000000000000000;17795,775706753298000;17795,775706753298000
1096;Location 341 - Location 341;341;415;1,000000000000000;0,000000000000000;0,000000000000000
1097;Location 341 - Location 345;341;419;1,000000000000000;729,635685969812240;729,635685969812240
1098;Location 341 - Location 346;341;420;1,000000000000000;7509,488390530657900;7509,488390530657900
1099;Location 341 - Location 351;341;425;1,000000000000000;1765,223121821832800;1765,223121821832800
1100;Location 341 - Location 357;341;431;1,000000000000000;12382,734033079798000;12382,734033079798000
1101;Location 341 - Location 359;341;433;1,000000000000000;12234,639652849250000;12234,639652849250000
1102;Location 341 - Location 365;341;439;1,000000000000000;6563,871845695150100;6563,871845695150100
1103;Location 341 - Location 368;341;442;1,000000000000000;8175,591966910266800;8175,591966910266800
1104;Location 341 - Location 370;341;444;1,000000000000000;6158,531275603553700;6158,531275603553700
1105;Location 341 - Location 371;341;445;1,000000000000000;6406,784896514413000;6406,784896514413000
1106;Location 341 - Location 376;341;450;1,000000000000000;7856,547586738644000;7856,547586738644000
1107;Location 341 - Location 379;341;453;1,000000000000000;11297,373542563793000;11297,373542563793000
1108;Location 341 - Location 381;341;455;1,000000000000000;12521,603639421366000;12521,603639421366000
1109;Location 380 - Location 293;380;367;1,000000000000000;16134,129720480794000;16134,129720480794000
1110;Location 380 - Location 301;380;375;1,000000000000000;14555,213173111730000;14555,213173111730000
1111;Location 380 - Location 306;380;380;1,000000000000000;13887,505836313549000;13887,505836313549000
1112;Location 380 - Location 313;380;387;1,000000000000000;12940,287785965083000;12940,287785965083000
1113;Location 380 - Location 321;380;395;1,000000000000000;12787,467484407605000;12787,467484407605000
1114;Location 380 - Location 349;380;423;1,000000000000000;6277,048554814849900;6277,048554814849900
1115;Location 380 - Location 366;380;440;1,000000000000000;4041,498537666042500;4041,498537666042500
1116;Location 380 - Location 378;380;452;1,000000000000000;9294,946162971111300;9294,946162971111300
1117;Location 380 - Location 380;380;454;1,000000000000000;0,000000000000000;0,000000000000000
1118;Location 380 - Location 385;380;459;1,000000000000000;9857,159310588131100;9857,159310588131100
1119;Location 380 - Location 396;380;470;1,000000000000000;3185,273210276160200;3185,273210276160200
1120;Location 380 - Location 400;380;474;1,000000000000000;9925,383186805329400;9925,383186805329400
1121;Location 380 - Location 407;380;481;1,000000000000000;8179,629705577966900;8179,629705577966900
1122;Location 380 - Location 413;380;487;1,000000000000000;7398,659609136463600;7398,659609136463600
1123;Location 380 - Location 414;380;488;1,000000000000000;13414,940227439198000;13414,940227439198000
1124;Location 380 - Location 418;380;492;1,000000000000000;7816,026100261115100;7816,026100261115100
1125;Location 380 - Location 424;380;498;1,000000000000000;10987,356318232671000;10987,356318232671000
1126;Location 383 - Location 302;383;376;1,000000000000000;16764,407686024719000;16764,407686024719000
1127;Location 383 - Location 334;383;408;1,000000000000000;12488,350943730764000;12488,350943730764000
1128;Location 383 - Location 336;383;410;1,000000000000000;12370,456953342171000;12370,456953342171000
1129;Location 383 - Location 354;383;428;1,000000000000000;7642,472649939292800;7642,472649939292800
1130;Location 383 - Location 373;383;447;1,000000000000000;3592,936988627817300;3592,936988627817300
1131;Location 383 - Location 374;383;448;1,000000000000000;2758,045990529545600;2758,045990529545600
1132;Location 383 - Location 382;383;456;1,000000000000000;8073,022198175980500;8073,022198175980500
1133;Location 383 - Location 383;383;457;1,000000000000000;0,000000000000000;0,000000000000000
1134;Location 383 - Location 386;383;460;1,000000000000000;11409,059562856906000;11409,059562856906000
1135;Location 383 - Location 387;383;461;1,000000000000000;11810,616623215989000;11810,616623215989000
1136;Location 383 - Location 388;383;462;1,000000000000000;9810,576014320602600;9810,576014320602600
1137;Location 383 - Location 389;383;463;1,000000000000000;7517,922590225844000;7517,922590225844000
1138;Location 383 - Location 390;383;464;1,000000000000000;13726,322716105584000;13726,322716105584000
1139;Location 383 - Location 391;383;465;1,000000000000000;6232,722584833294600;6232,722584833294600
1140;Location 383 - Location 392;383;466;1,000000000000000;15391,326031816194000;15391,326031816194000
1141;Location 383 - Location 398;383;472;1,000000000000000;5272,843588332266300;5272,843588332266300
1142;Location 383 - Location 399;383;473;1,000000000000000;3215,640635413390600;3215,640635413390600
1143;Location 383 - Location 402;383;476;1,000000000000000;9679,665897996788800;9679,665897996788800
1144;Location 383 - Location 403;383;477;1,000000000000000;11945,289727497142000;11945,289727497142000
1145;Location 383 - Location 411;383;485;1,000000000000000;17571,883032855036000;17571,883032855036000
1146;Location 383 - Location 412;383;486;1,000000000000000;7682,232747987152800;7682,232747987152800
1147;Location 383 - Location 415;383;489;1,000000000000000;8335,805109131124500;8335,805109131124500
1148;Location 383 - Location 423;383;497;1,000000000000000;10081,254950717834000;10081,254950717834000
1149;Location 383 - Location 425;383;499;1,000000000000000;10725,072822865332000;10725,072822865332000
1150;Location 383 - Location 426;383;500;1,000000000000000;16556,110151630586000;16556,110151630586000
1151;Location 383 - Location 434;383;508;1,000000000000000;15321,073224400287000;15321,073224400287000
1152;Location 383 - Location 435;383;509;1,000000000000000;12964,692485987942000;12964,692485987942000
1153;Location 395 - Location 384;395;458;1,000000000000000;9455,532501821573500;9455,532501821573500
1154;Location 395 - Location 395;395;469;1,000000000000000;0,000000000000000;0,000000000000000
1155;Location 395 - Location 397;395;471;1,000000000000000;1711,177998874983600;1711,177998874983600
1156;Location 395 - Location 404;395;478;1,000000000000000;6470,261472448157300;6470,261472448157300
1157;Location 395 - Location 405;395;479;1,000000000000000;4290,736413381982900;4290,736413381982900
1158;Location 395 - Location 408;395;482;1,000000000000000;7568,734226523024500;7568,734226523024500
1159;Location 395 - Location 417;395;491;1,000000000000000;7197,593881482029200;7197,593881482029200
1160;Location 395 - Location 421;395;495;1,000000000000000;6345,689433609608400;6345,689433609608400
1161;Location 436 - Location 427;436;501;1,000000000000000;2607,047719404438800;2607,047719404438800
1162;Location 436 - Location 429;436;503;1,000000000000000;4386,500165885070600;4386,500165885070600
1163;Location 436 - Location 431;436;505;1,000000000000000;6605,895981965364600;6605,895981965364600
1164;Location 436 - Location 436;436;510;1,000000000000000;0,000000000000000;0,000000000000000
1165;Location 436 - Location 437;436;511;1,000000000000000;5664,645268273328800;5664,645268273328800
1166;Location 436 - Location 438;436;512;1,000000000000000;4518,029935499587700;4518,029935499587700
1167;Location 436 - Location 440;436;514;1,000000000000000;3785,883500626152500;3785,883500626152500
1168;Location 436 - Location 445;436;519;1,000000000000000;5963,520828410110900;5963,520828410110900
1169;Location 436 - Location 447;436;521;1,000000000000000;10336,890508777866000;10336,890508777866000
1170;Location 436 - Location 449;436;523;1,000000000000000;6643,508354439911300;6643,508354439911300
1171;Location 436 - Location 455;436;529;1,000000000000000;15379,650334544573000;15379,650334544573000
1172;Location 436 - Location 456;436;530;1,000000000000000;15379,650334544573000;15379,650334544573000
1173;Location 439 - Location 375;439;449;1,000000000000000;17489,326391217859000;17489,326391217859000
1174;Location 439 - Location 393;439;467;1,000000000000000;13965,490752248979000;13965,490752248979000
1175;Location 439 - Location 401;439;475;1,000000000000000;11332,454007176319000;11332,454007176319000
1176;Location 439 - Location 406;439;480;1,000000000000000;9756,349360482570800;9756,349360482570800
1177;Location 439 - Location 409;439;483;1,000000000000000;10870,088282190556000;10870,088282190556000
1178;Location 439 - Location 410;439;484;1,000000000000000;9761,248760212063600;9761,248760212063600
1179;Location 439 - Location 416;439;490;1,000000000000000;8612,745618969542200;8612,745618969542200
1180;Location 439 - Location 419;439;493;1,000000000000000;7698,441595271100600;7698,441595271100600
1181;Location 439 - Location 420;439;494;1,000000000000000;6650,216239256138600;6650,216239256138600
1182;Location 439 - Location 422;439;496;1,000000000000000;16334,806116756028000;16334,806116756028000
1183;Location 439 - Location 430;439;504;1,000000000000000;4698,651728836158300;4698,651728836158300
1184;Location 439 - Location 433;439;507;1,000000000000000;11438,310300151643000;11438,310300151643000
1185;Location 439 - Location 439;439;513;1,000000000000000;0,000000000000000;0,000000000000000
1186;Location 439 - Location 441;439;515;1,000000000000000;7737,862872718000300;7737,862872718000300
1187;Location 439 - Location 442;439;516;1,000000000000000;8722,509089533339600;8722,509089533339600
1188;Location 439 - Location 443;439;517;1,000000000000000;8966,660095464412700;8966,660095464412700
1189;Location 439 - Location 446;439;520;1,000000000000000;7542,774267398888700;7542,774267398888700
1190;Location 439 - Location 448;439;522;1,000000000000000;2326,892070444643700;2326,892070444643700
1191;Location 439 - Location 450;439;524;1,000000000000000;6305,978511937560100;6305,978511937560100
1192;Location 439 - Location 452;439;526;1,000000000000000;4518,168298259151900;4518,168298259151900
1193;Location 439 - Location 454;439;528;1,000000000000000;4674,257524410547400;4674,257524410547400
1194;Location 444 - Location 444;444;518;1,000000000000000;0,000000000000000;0,000000000000000
1195;Location 453 - Location 432;453;506;1,000000000000000;5199,876723642963000;5199,876723642963000
1196;Location 453 - Location 453;453;527;1,000000000000000;0,000000000000000;0,000000000000000
1197;Location 453 - Location 459;453;533;1,000000000000000;10923,269786561961000;10923,269786561961000
1198;Location 457 - Location 451;457;525;1,000000000000000;2611,752740494886900;2611,752740494886900
1199;Location 457 - Location 457;457;531;1,000000000000000;0,000000000000000;0,000000000000000
1200;Location 460 - Location 458;460;532;1,000000000000000;1427,007140992940300;1427,007140992940300
1201;Location 460 - Location 460;460;534;1,000000000000000;0,000000000000000;0,000000000000000
1202;Location 464 - Location 464;464;538;1,000000000000000;0,000000000000000;0,000000000000000
1203;Location 468 - Location 462;468;536;1,000000000000000;15640,267393261496000;15640,267393261496000
1204;Location 468 - Location 468;468;542;1,000000000000000;0,000000000000000;0,000000000000000
1205;Location 468 - Location 472;468;546;1,000000000000000;580,142371072028710;580,142371072028710
1206;Location 468 - Location 567;468;641;1,000000000000000;4596,174036359665500;4596,174036359665500
1207;Location 471 - Location 467;471;541;1,000000000000000;9505,630904238456400;9505,630904238456400
1208;Location 471 - Location 470;471;544;1,000000000000000;6295,089359452387700;6295,089359452387700
1209;Location 471 - Location 471;471;545;1,000000000000000;0,000000000000000;0,000000000000000
1210;Location 471 - Location 480;471;554;1,000000000000000;8492,227986960173400;8492,227986960173400
1211;Location 471 - Location 566;471;640;1,000000000000000;13745,953703403742000;13745,953703403742000
1212;Location 474 - Location 474;474;548;1,000000000000000;0,000000000000000;0,000000000000000
1213;Location 474 - Location 484;474;558;1,000000000000000;4509,247704491143800;4509,247704491143800
1214;Location 474 - Location 486;474;560;1,000000000000000;9632,304635683915000;9632,304635683915000
1215;Location 474 - Location 489;474;563;1,000000000000000;5191,885644146411300;5191,885644146411300
1216;Location 474 - Location 490;474;564;1,000000000000000;8399,209726118215300;8399,209726118215300
1217;Location 474 - Location 495;474;569;1,000000000000000;5180,237060071684000;5180,237060071684000
1218;Location 474 - Location 498;474;572;1,000000000000000;14110,769446295191000;14110,769446295191000
1219;Location 474 - Location 499;474;573;1,000000000000000;9046,429264499518500;9046,429264499518500
1220;Location 474 - Location 510;474;584;1,000000000000000;966,142265248304970;966,142265248304970
1221;Location 474 - Location 516;474;590;1,000000000000000;6502,008582040590200;6502,008582040590200
1222;Location 474 - Location 542;474;616;1,000000000000000;13112,625365270758000;13112,625365270758000
1223;Location 475 - Location 473;475;547;1,000000000000000;16133,321722348606000;16133,321722348606000
1224;Location 475 - Location 475;475;549;1,000000000000000;0,000000000000000;0,000000000000000
1225;Location 477 - Location 463;477;537;1,000000000000000;5800,750353127306900;5800,750353127306900
1226;Location 477 - Location 477;477;551;1,000000000000000;0,000000000000000;0,000000000000000
1227;Location 477 - Location 494;477;568;1,000000000000000;9996,760142686867800;9996,760142686867800
1228;Location 477 - Location 535;477;609;1,000000000000000;13686,816286429148000;13686,816286429148000
1229;Location 477 - Location 540;477;614;1,000000000000000;8670,531048181859700;8670,531048181859700
1230;Location 479 - Location 479;479;553;1,000000000000000;0,000000000000000;0,000000000000000
1231;Location 479 - Location 491;479;565;1,000000000000000;2090,332183145134900;2090,332183145134900
1232;Location 479 - Location 496;479;570;1,000000000000000;4611,739746232263300;4611,739746232263300
1233;Location 479 - Location 501;479;575;1,000000000000000;12288,429011617858000;12288,429011617858000
1234;Location 482 - Location 482;482;556;1,000000000000000;0,000000000000000;0,000000000000000
1235;Location 482 - Location 492;482;566;1,000000000000000;8004,265262161703500;8004,265262161703500
1236;Location 482 - Location 503;482;577;1,000000000000000;308,208255043454070;308,208255043454070
1237;Location 482 - Location 504;482;578;1,000000000000000;17274,135096185688000;17274,135096185688000
1238;Location 482 - Location 511;482;585;1,000000000000000;3302,645413054985500;3302,645413054985500
1239;Location 482 - Location 527;482;601;1,000000000000000;17449,371546354399000;17449,371546354399000
1240;Location 488 - Location 481;488;555;1,000000000000000;5859,441491634146600;5859,441491634146600
1241;Location 488 - Location 483;488;557;1,000000000000000;2955,215622266361600;2955,215622266361600
1242;Location 488 - Location 488;488;562;1,000000000000000;0,000000000000000;0,000000000000000
1243;Location 488 - Location 550;488;624;1,000000000000000;13006,996584496199000;13006,996584496199000
1244;Location 508 - Location 428;508;502;1,000000000000000;10667,456989393997000;10667,456989393997000
1245;Location 508 - Location 487;508;561;1,000000000000000;18239,999433971214000;18239,999433971214000
1246;Location 508 - Location 508;508;582;1,000000000000000;0,000000000000000;0,000000000000000
1247;Location 508 - Location 519;508;593;1,000000000000000;13217,291450522160000;13217,291450522160000
1248;Location 508 - Location 561;508;635;1,000000000000000;16310,161032436456000;16310,161032436456000
1249;Location 513 - Location 224;513;298;1,000000000000000;4267,492067387817800;4267,492067387817800
1250;Location 513 - Location 513;513;587;1,000000000000000;0,000000000000000;0,000000000000000
1251;Location 513 - Location 530;513;604;1,000000000000000;12802,058789953113000;12802,058789953113000
1252;Location 513 - Location 536;513;610;1,000000000000000;16810,502836157539000;16810,502836157539000
1253;Location 513 - Location 541;513;615;1,000000000000000;6395,038893848641200;6395,038893848641200
1254;Location 513 - Location 547;513;621;1,000000000000000;13117,192117356914000;13117,192117356914000
1255;Location 513 - Location 552;513;626;1,000000000000000;10129,843827092122000;10129,843827092122000
1256;Location 513 - Location 559;513;633;1,000000000000000;10618,958950618795000;10618,958950618795000
1257;Location 513 - Location 560;513;634;1,000000000000000;18467,605017630598000;18467,605017630598000
1258;Location 517 - Location 517;517;591;1,000000000000000;0,000000000000000;0,000000000000000
1259;Location 521 - Location 521;521;595;1,000000000000000;0,000000000000000;0,000000000000000
1260;Location 521 - Location 524;521;598;1,000000000000000;5523,193175862694300;5523,193175862694300
1261;Location 521 - Location 526;521;600;1,000000000000000;1450,356514595559000;1450,356514595559000
1262;Location 521 - Location 532;521;606;1,000000000000000;6882,841459030373700;6882,841459030373700
1263;Location 531 - Location 531;531;605;1,000000000000000;0,000000000000000;0,000000000000000
1264;Location 533 - Location 120;533;194;1,000000000000000;13005,076407765469000;13005,076407765469000
1265;Location 533 - Location 124;533;198;1,000000000000000;7701,636151918486600;7701,636151918486600
1266;Location 533 - Location 518;533;592;1,000000000000000;2092,469691771568300;2092,469691771568300
1267;Location 533 - Location 533;533;607;1,000000000000000;0,000000000000000;0,000000000000000
1268;Location 543 - Location 543;543;617;1,000000000000000;0,000000000000000;0,000000000000000
1269;Location 543 - Location 546;543;620;1,000000000000000;3799,519642109715300;3799,519642109715300
1270;Location 543 - Location 557;543;631;1,000000000000000;18068,107770510276000;18068,107770510276000
1271;Location 545 - Location 497;545;571;1,000000000000000;4857,103740793057100;4857,103740793057100
1272;Location 545 - Location 509;545;583;1,000000000000000;8280,227323173294300;8280,227323173294300
1273;Location 545 - Location 514;545;588;1,000000000000000;7528,628303024498600;7528,628303024498600
1274;Location 545 - Location 515;545;589;1,000000000000000;8536,499751599119900;8536,499751599119900
1275;Location 545 - Location 522;545;596;1,000000000000000;5579,447155532396200;5579,447155532396200
1276;Location 545 - Location 528;545;602;1,000000000000000;9907,241799485869700;9907,241799485869700
1277;Location 545 - Location 529;545;603;1,000000000000000;9394,694707032467700;9394,694707032467700
1278;Location 545 - Location 544;545;618;1,000000000000000;15161,486004945298000;15161,486004945298000
1279;Location 545 - Location 545;545;619;1,000000000000000;0,000000000000000;0,000000000000000
1280;Location 545 - Location 551;545;625;1,000000000000000;17894,836650534249000;17894,836650534249000
1281;Location 545 - Location 554;545;628;1,000000000000000;9027,030436157278000;9027,030436157278000
1282;Location 545 - Location 558;545;632;1,000000000000000;12713,242810590506000;12713,242810590506000
1283;Location 545 - Location 564;545;638;1,000000000000000;11354,365048801585000;11354,365048801585000
1284;Location 549 - Location 469;549;543;1,000000000000000;17513,686497234106000;17513,686497234106000
1285;Location 549 - Location 537;549;611;1,000000000000000;6770,351617927434700;6770,351617927434700
1286;Location 549 - Location 549;549;623;1,000000000000000;0,000000000000000;0,000000000000000
1287;Location 549 - Location 562;549;636;1,000000000000000;11968,831439231248000;11968,831439231248000
1288;Location 553 - Location 478;553;552;1,000000000000000;12601,644671576003000;12601,644671576003000
1289;Location 553 - Location 485;553;559;1,000000000000000;6312,087317218616600;6312,087317218616600
1290;Location 553 - Location 505;553;579;1,000000000000000;9878,176184952015300;9878,176184952015300
1291;Location 553 - Location 553;553;627;1,000000000000000;0,000000000000000;0,000000000000000
1292;Location 553 - Location 555;553;629;1,000000000000000;14372,280784157403000;14372,280784157403000
1293;Location 553 - Location 556;553;630;1,000000000000000;13694,726692559558000;13694,726692559558000
1294;Location 553 - Location 563;553;637;1,000000000000000;12741,138372186875000;12741,138372186875000
1295;Location 565 - Location 461;565;535;1,000000000000000;9904,638691216368900;9904,638691216368900
1296;Location 565 - Location 476;565;550;1,000000000000000;17564,342166930895000;17564,342166930895000
1297;Location 565 - Location 565;565;639;1,000000000000000;0,000000000000000;0,000000000000000
1298;Location 568 - Location 493;568;567;1,000000000000000;14493,427789649193000;14493,427789649193000
1299;Location 568 - Location 500;568;574;1,000000000000000;13516,144292376717000;13516,144292376717000
1300;Location 568 - Location 502;568;576;1,000000000000000;13616,233414975795000;13616,233414975795000
1301;Location 568 - Location 506;568;580;1,000000000000000;12516,492180020434000;12516,492180020434000
1302;Location 568 - Location 512;568;586;1,000000000000000;10790,550497082881000;10790,550497082881000
1303;Location 568 - Location 520;568;594;1,000000000000000;8192,842782088613600;8192,842782088613600
1304;Location 568 - Location 523;568;597;1,000000000000000;8228,335005776847500;8228,335005776847500
1305;Location 568 - Location 534;568;608;1,000000000000000;6412,283451321638500;6412,283451321638500
1306;Location 568 - Location 548;568;622;1,000000000000000;17815,703551488961000;17815,703551488961000
1307;Location 568 - Location 568;568;642;1,000000000000000;0,000000000000000;0,000000000000000
1308;Location 571 - Location 571;571;645;1,000000000000000;0,000000000000000;0,000000000000000
1309;Location 572 - Location 465;572;539;1,000000000000000;18600,154992593260000;18600,154992593260000
1310;Location 572 - Location 466;572;540;1,000000000000000;6400,729433887043300;6400,729433887043300
1311;Location 572 - Location 569;572;643;1,000000000000000;5621,025502212703900;5621,025502212703900
1312;Location 572 - Location 570;572;644;1,000000000000000;16652,992611410027000;16652,992611410027000
1313;Location 572 - Location 572;572;646;1,000000000000000;0,000000000000000;0,000000000000000
