 [46022 30838 21439 83327  8219 ]
 [ 2454 14357 36596 39550 36947 ]
 [44101 27467  5539 80338 21994 ]
 [34990 51489 73004  3215 73248 ]
 [25206  8563 14043 61860 20534 ]


 [    0     0     0     0     1 ]
 [    1     0     0     0     0 ]
 [    0     0     1     0     0 ]
 [    0     0     0     1     0 ]
 [    0     1     0     0     0 ]


 [69267 24427 22954     0 42177 ]
 [26774 27374 42703 42944  1116 ]
 [46877  7565 22574 25994 20009 ]
 [73961 20512  5539 22591 47467 ]
 [10157 55247 70024 73749 31730 ]


 [    0     0     0     1     0 ]
 [    0     0     0     0     1 ]
 [    0     1     0     0     0 ]
 [    0     0     1     0     0 ]
 [    1     0     0     0     0 ]


 [  599 14428 34429 68767 43004 ]
 [33167 23679  5339 39189 18899 ]
 [71522 66099 45610  6408 28103 ]
 [16784  3953 25768 65702 42803 ]
 [47879 42970 25255 21722  4668 ]


 [    1     0     0     0     0 ]
 [    0     0     1     0     0 ]
 [    0     0     0     1     0 ]
 [    0     1     0     0     0 ]
 [    0     0     0     0     1 ]


 [46750     0 19276 32439 72317 ]
 [47364 19276     0 21980 69371 ]
 [27541 27572 20512  6021 48907 ]
 [ 4109 50642 51464 33338 23247 ]
 [34419 79573 75271 53566  8494 ]


 [    0     1     0     0     0 ]
 [    0     0     1     0     0 ]
 [    0     0     0     1     0 ]
 [    1     0     0     0     0 ]
 [    0     0     0     0     1 ]


 [    0 22642 31147 49890 76147 ]
 [16280  6386 26440 49101 71954 ]
 [46423 50049 22838  6174 33449 ]
 [25410 17664 10145 33242 55043 ]
 [76061 72369 46110 27353  1774 ]


 [    1     0     0     0     0 ]
 [    0     1     0     0     0 ]
 [    0     0     0     1     0 ]
 [    0     0     1     0     0 ]
 [    0     0     0     0     1 ]


 [17225  1445 19655 40673 66110 ]
 [23172 21945  4159 35752 64929 ]
 [52800 70261 71088 31389  6408 ]
 [ 4809 18363 29608 26006 48211 ]
 [30347 47590 46592  6918 22809 ]


 [    0     1     0     0     0 ]
 [    0     0     1     0     0 ]
 [    0     0     0     0     1 ]
 [    1     0     0     0     0 ]
 [    0     0     0     1     0 ]


 [32651  7204 16035 24603 59067 ]
 [48162 18493  1445 22254 74416 ]
 [50642 31444 20442  5486 80111 ]
 [33651 59059 77199 80282  3787 ]
 [ 5736 27946 44549 45495 31596 ]


 [    0     1     0     0     0 ]
 [    0     0     1     0     0 ]
 [    0     0     0     1     0 ]
 [    0     0     0     0     1 ]
 [    1     0     0     0     0 ]


 [ 4087 17225 26005 50255 30565 ]
 [21475  1445 21587 67140 47897 ]
 [27185 19655   599 72003 47438 ]
 [20223 40673 40137 33775  7747 ]
 [46509 67330 71247  5065 24143 ]


 [    1     0     0     0     0 ]
 [    0     1     0     0     0 ]
 [    0     0     1     0     0 ]
 [    0     0     0     0     1 ]
 [    0     0     0     1     0 ]


 [29204 44064 46750 18899  3615 ]
 [43730 26950 35428     0 21287 ]
 [68196 20511  8219 29557 42622 ]
 [73961  3312 19276 30232 50433 ]
 [ 9092 68807 76183 42127 27617 ]


 [    0     0     0     0     1 ]
 [    0     0     0     1     0 ]
 [    0     0     1     0     0 ]
 [    0     1     0     0     0 ]
 [    1     0     0     0     0 ]


 [51464 34720  3662 47262 28273 ]
 [23226  2103 33640 32410 49226 ]
 [ 4001 17814 50881 23135 68703 ]
 [19276 32861 53618  3910 76183 ]
 [72018 51212 24628 73243     0 ]


 [    0     0     1     0     0 ]
 [    0     1     0     0     0 ]
 [    1     0     0     0     0 ]
 [    0     0     0     1     0 ]
 [    0     0     0     0     1 ]


 [21087  5519 73419 16926 40791 ]
 [ 6938 15517 85510 30927 50747 ]
 [31314 23290 53813  4326 22212 ]
 [42576 40384 37243 20998  2918 ]
 [72754 68649  9169 48743 28174 ]


 [    0     1     0     0     0 ]
 [    1     0     0     0     0 ]
 [    0     0     0     1     0 ]
 [    0     0     0     0     1 ]
 [    0     0     1     0     0 ]


 [31676 70024 81807 45652  3584 ]
 [32896 13908 25091 12454 54549 ]
 [47262 22204  6809 33167 73243 ]
 [51464  5539 18167 30232 72018 ]
 [ 1990 45564 52667 21287 27617 ]


 [    0     0     0     0     1 ]
 [    0     0     0     1     0 ]
 [    0     0     1     0     0 ]
 [    0     1     0     0     0 ]
 [    1     0     0     0     0 ]


 [40471 24334 22204     0 73243 ]
 [38112 18838  3471 18859 68001 ]
 [18336  3735 19373 27764 48133 ]
 [ 3038 18777 36596 41114 32163 ]
 [36093 53959 70236 76542  3717 ]


 [    0     0     0     1     0 ]
 [    0     0     1     0     0 ]
 [    0     1     0     0     0 ]
 [    1     0     0     0     0 ]
 [    0     0     0     0     1 ]


 [ 4159 42544 31268 21096 70765 ]
 [17109 39966 19572  4854 67070 ]
 [75869 37390 59851 77199  9905 ]
 [24371 20446  8619 20705 47144 ]
 [41062  3658 29628 44549 26025 ]


 [    1     0     0     0     0 ]
 [    0     0     0     1     0 ]
 [    0     0     0     0     1 ]
 [    0     0     1     0     0 ]
 [    0     1     0     0     0 ]


 [ 3662 29932 53052 49073 25883 ]
 [48522 17598 21024  2405 65160 ]
 [55959 31652     0 21249 76330 ]
 [23970  7462 37054 27274 40523 ]
 [24628 49141 78226 68703  2548 ]


 [    1     0     0     0     0 ]
 [    0     0     0     1     0 ]
 [    0     0     1     0     0 ]
 [    0     1     0     0     0 ]
 [    0     0     0     0     1 ]


 [33242  9726 23172 20512 50195 ]
 [50580 27165 21945  3246 67408 ]
 [49890 32605  4159 20541 70765 ]
 [10209 15981 35752 43969 31666 ]
 [22254 40523 66988 70564     0 ]


 [    0     1     0     0     0 ]
 [    0     0     0     1     0 ]
 [    0     0     1     0     0 ]
 [    1     0     0     0     0 ]
 [    0     0     0     0     1 ]


 [23461 44064 43431 31228  4668 ]
 [ 6015 26950 33167 40759 21332 ]
 [24443 20511  4482 68357 43498 ]
 [24458  3312 20974 70343 50780 ]
 [48133 68807 73243  3456 26436 ]


 [    0     0     0     0     1 ]
 [    1     0     0     0     0 ]
 [    0     0     1     0     0 ]
 [    0     1     0     0     0 ]
 [    0     0     0     1     0 ]


 [25604 48162 50642 22722  1990 ]
 [52050 20220 33632 10081 31144 ]
 [70948  2987 21979 27274 47936 ]
 [75811 19051     0 35428 50321 ]
 [ 9092 68807 76183 42127 27617 ]


 [    0     0     0     0     1 ]
 [    0     0     0     1     0 ]
 [    0     1     0     0     0 ]
 [    0     0     1     0     0 ]
 [    1     0     0     0     0 ]


 [ 6937 14751 46834 21631 65082 ]
 [18167 33595 55959  6809 78226 ]
 [26536  7627 28334 31899 45497 ]
 [44595 26745  9041 43052 30247 ]
 [72018 51212 24628 73243     0 ]


 [    1     0     0     0     0 ]
 [    0     0     0     1     0 ]
 [    0     1     0     0     0 ]
 [    0     0     1     0     0 ]
 [    0     0     0     0     1 ]


 [ 9165 39032 48144 14260 34990 ]
 [51464  5539 18167 30232 78334 ]
 [42828 22100 11016 29557 73248 ]
 [33338 16446 33298 10640 57146 ]
 [31516 69818 81611 45449  7941 ]


 [    1     0     0     0     0 ]
 [    0     1     0     0     0 ]
 [    0     0     1     0     0 ]
 [    0     0     0     1     0 ]
 [    0     0     0     0     1 ]


 [23324 22204 50322  3910 69235 ]
 [16221  2672 50777 20027 66531 ]
 [ 4809 18716 30194 26554 47138 ]
 [25224 39266 10209 43411 29369 ]
 [57148 69818 27886 79573  8494 ]


 [    0     0     0     1     0 ]
 [    0     1     0     0     0 ]
 [    1     0     0     0     0 ]
 [    0     0     1     0     0 ]
 [    0     0     0     0     1 ]


 [43364 26380 28932 45001  5374 ]
 [34003 39189 10081 27274 14929 ]
 [ 4517 64929 29835 23448 38787 ]
 [23135 69371 23226  4001 44595 ]
 [77636  8998 56063 75216 34785 ]


 [    0     0     0     0     1 ]
 [    0     0     1     0     0 ]
 [    1     0     0     0     0 ]
 [    0     0     0     1     0 ]
 [    0     1     0     0     0 ]


 [49890 50152 25106 23970  6902 ]
 [ 3524 21258 69534 30822 40078 ]
 [20541  3312 70343 30232 47364 ]
 [27881 24155 44807  4887 20062 ]
 [76147 72071  5371 45449 34419 ]


 [    0     0     0     0     1 ]
 [    1     0     0     0     0 ]
 [    0     1     0     0     0 ]
 [    0     0     0     1     0 ]
 [    0     0     1     0     0 ]


 [20511     0 67124 27650 41062 ]
 [66110 64929  6408 48211 23869 ]
 [ 2987 23448 70353 18142 44819 ]
 [23802 23704 46683 10818 20456 ]
 [50152 45920 21204 34068  6125 ]


 [    0     1     0     0     0 ]
 [    0     0     1     0     0 ]
 [    1     0     0     0     0 ]
 [    0     0     0     1     0 ]
 [    0     0     0     0     1 ]


 [ 9263 28109 46689 47262 30807 ]
 [23446 11208 17689 32410 56063 ]
 [40025 21119  2405 23135 75216 ]
 [43554 26554 21439  3910 80788 ]
 [37270 55955 73004 77608     0 ]


 [    1     0     0     0     0 ]
 [    0     1     0     0     0 ]
 [    0     0     1     0     0 ]
 [    0     0     0     1     0 ]
 [    0     0     0     0     1 ]


 [ 3662 47262 28767 27023 48676 ]
 [33640 32410 47354  6004 19983 ]
 [29573 79799 13993 52441 77521 ]
 [50580 21587 67140 25427     0 ]
 [45920  4482 68357 31852 21945 ]


 [    1     0     0     0     0 ]
 [    0     0     0     1     0 ]
 [    0     0     1     0     0 ]
 [    0     0     0     0     1 ]
 [    0     1     0     0     0 ]


 [74334 78334 37270 55955  7848 ]
 [ 3524 20541 39999 23765 76339 ]
 [15313  9370 34807 15571 69320 ]
 [25643 23713 19163  3972 52264 ]
 [37102 43181  1527 19847 36792 ]


 [    0     0     0     0     1 ]
 [    1     0     0     0     0 ]
 [    0     1     0     0     0 ]
 [    0     0     0     1     0 ]
 [    0     0     1     0     0 ]


 [23247  6408 66230 45792 72317 ]
 [51464 73309  4001 23713 19276 ]
 [ 7549 31389 41659 21082 43411 ]
 [32896 55042 16313  5938 23800 ]
 [46849 71088 22642 27007  4082 ]


 [    0     1     0     0     0 ]
 [    0     0     1     0     0 ]
 [    1     0     0     0     0 ]
 [    0     0     0     1     0 ]
 [    0     0     0     0     1 ]


 [76339 27007 40616  6938 22642 ]
 [72159 19926 37597 15517  6386 ]
 [ 5572 47340 31410 77278 66934 ]
 [52611  7439 21486 34526 19638 ]
 [33801 20446  2454 48144 41365 ]


 [    0     0     0     1     0 ]
 [    0     0     0     0     1 ]
 [    1     0     0     0     0 ]
 [    0     1     0     0     0 ]
 [    0     0     1     0     0 ]


 [46022 19276  8219 32439 75811 ]
 [41360  2886 21643 19097 71150 ]
 [ 5879 43969 35752 26593 32444 ]
 [24665 21980 28783     0 53089 ]
 [33611 75271 72409 53566 10141 ]


 [    0     0     1     0     0 ]
 [    0     1     0     0     0 ]
 [    1     0     0     0     0 ]
 [    0     0     0     1     0 ]
 [    0     0     0     0     1 ]


 [75811 43411 26554 20027  3910 ]
 [32534  6555 18777 38935 41114 ]
 [73961 43969 23355  2886 20974 ]
 [53076 26006  9532 18700 30207 ]
 [ 5834 29369 47138 66531 69235 ]


 [    0     0     0     0     1 ]
 [    0     1     0     0     0 ]
 [    0     0     0     1     0 ]
 [    0     0     1     0     0 ]
 [    1     0     0     0     0 ]

